13
23
35
35
52
57
74
82
89
90
133
177
181
187
195
201
203
212
218
218
235
255
264
268
277
280
283
283
305
315
321
324
331
335
355
360
361
364
367
369
381
388
399
399
402
409
410
416
418
421
429
433
433
437
446
456
458
461
463
471
471
478
482
490
495
495
500
507
517
537
542
547
548
567
578
586
600
601
609
610
612
618
619
626
636
636
640
640
647
653
672
683
684
689
691
697
702
709
730
757
757
779
788
793
793
795
811
811
831
832
848
867
919
920
938
987
989
995
997
1006
1018
1026
1039
1043
1046
1071
1085
1086
1086
1104
1105
1105
1115
1130
1142
1164
1169
1184
1208
1214
1215
1225
1226
1233
1265
1270
1271
1277
1280
1280
1287
1295
1298
1308
1309
1318
1323
1327
1328
1340
1358
1396
1399
1399
1407
1412
1413
1420
1422
1430
1479
1490
1503
1507
1519
1522
1522
1524
1528
1528
1534
1543
1572
1598
1608
1622
1643
1647
1650
1651
1670
1671
1698
1705
1709
1713
1717
1724
1733
1768
1773
1791
1827
1885
1889
1890
1905
1906
1916
1916
1940
1946
1963
1969
2000
2002
2022
2023
2027
2045
2046
2048
2049
2078
2093
2094
2095
2131
2137
2139
2155
2178
2189
2195
2208
2216
2217
2232
2242
2261
2261
2267
2267
2278
2285
2293
2297
2317
2322
2324
2352
2360
2373
2377
2388
2395
2398
2418
2431
2440
2485
2497
2529
2540
2546
2548
2562
2568
2575
2581
2588
2611
2627
2660
2661
2673
2676
2678
2691
2705
2710
2715
2734
2745
2753
2754
2779
2805
2810
2814
2820
2822
2831
2833
2833
2833
2855
2869
2896
2929
2937
2940
2962
2965
2965
2968
2976
2982
2983
2987
2990
2990
3006
3013
3025
3033
3078
3087
3091
3097
3102
3120
3128
3128
3131
3132
3165
3197
3198
3212
3213
3215
3215
3217
3245
3257
3262
3270
3297
3302
3322
3328
3328
3349
3358
3372
3392
3398
3408
3414
3426
3441
3454
3459
3464
3482
3484
3516
3557
3565
3577
3607
3623
3625
3628
3659
3660
3676
3684
3688
3692
3716
3721
3749
3807
3816
3828
3879
3891
3925
3943
3957
3965
3966
3971
3975
3992
3996
4000
4004
4005
4012
4014
4015
4019
4037
4042
4058
4079
4084
4094
4120
4126
4134
4147
4163
4175
4193
4199
4213
4216
4220
4225
4234
4236
4243
4249
4250
4268
4275
4276
4289
4293
4299
4302
4303
4305
4314
4315
4321
4342
4348
4354
4354
4354
4356
4369
4371
4372
4378
4393
4394
4417
4434
4460
4478
4491
4500
4543
4553
4557
4562
4568
4579
4589
4600
4600
4603
4605
4612
4636
4649
4655
4667
4673
4710
4719
4747
4774
4787
4801
4813
4815
4827
4832
4840
4847
4863
4884
4915
4922
4924
4953
4961
4961
4962
4990
4992
4994
4999
5004
5020
5032
5037
5038
5066
5077
5092
5131
5139
5158
5158
5161
5163
5164
5171
5179
5182
5185
5185
5192
5195
5211
5240
5244
5247
5257
5279
5292
5312
5322
5326
5351
5364
5376
5385
5401
5410
5412
5414
5415
5443
5448
5450
5464
5465
5480
5504
5504
5512
5515
5520
5526
5527
5543
5585
5592
5595
5607
5629
5634
5651
5656
5691
5701
5705
5711
5713
5716
5719
5750
5761
5774
5780
5799
5800
5832
5835
5839
5842
5842
5861
5862
5864
5870
5872
5885
5892
5931
5942
5945
5957
6013
6030
6039
6041
6062
6083
6086
6087
6101
6130
6131
6132
6142
6152
6153
6159
6160
6174
6176
6180
6192
6217
6233
6236
6241
6244
6244
6253
6261
6266
6297
6299
6301
6302
6304
6332
6338
6377
6418
6418
6430
6431
6443
6445
6454
6465
6476
6481
6501
6513
6528
6533
6549
6560
6571
6575
6580
6589
6616
6618
6621
6623
6645
6672
6684
6685
6692
6693
6697
6727
6731
6735
6739
6750
6790
6794
6795
6796
6836
6850
6865
6900
6911
6912
6914
6934
6950
6963
6974
6978
6985
6997
7026
7027
7037
7040
7051
7058
7061
7070
7071
7081
7083
7087
7089
7101
7120
7141
7167
7175
7182
7185
7194
7197
7218
7222
7224
7231
7231
7239
7241
7244
7262
7274
7304
7306
7307
7312
7319
7324
7329
7331
7338
7346
7349
7360
7373
7393
7402
7416
7416
7428
7439
7454
7457
7474
7491
7513
7520
7526
7527
7536
7541
7549
7558
7561
7582
7585
7596
7600
7601
7603
7617
7629
7642
7657
7665
7668
7669
7674
7681
7686
7696
7709
7713
7721
7725
7744
7760
7760
7762
7784
7784
7794
7794
7814
7826
7831
7846
7847
7848
7865
7867
7868
7869
7869
7870
7883
7885
7906
7921
7923
7932
7933
7965
7979
7979
7988
7997
8005
8006
8040
8040
8079
8088
8123
8126
8141
8147
8161
8164
8179
8180
8186
8189
8206
8221
8230
8241
8267
8268
8269
8286
8291
8298
8298
8319
8322
8325
8365
8369
8402
8403
8409
8412
8414
8418
8424
8431
8431
8433
8443
8459
8465
8465
8476
8480
8491
8492
8515
8517
8549
8555
8558
8559
8560
8561
8561
8564
8570
8571
8588
8602
8605
8612
8618
8620
8626
8630
8643
8646
8649
8654
8657
8664
8669
8669
8690
8707
8712
8726
8731
8759
8763
8766
8771
8772
8789
8802
8803
8824
8856
8856
8864
8879
8884
8890
8890
8903
8909
8919
8926
8936
8951
8959
8971
8972
8973
8980
8982
8996
9047
9071
9082
9087
9090
9113
9124
9138
9156
9157
9169
9171
9197
9208
9217
9224
9238
9248
9270
9272
9284
9288
9295
9298
9302
9315
9317
9322
9330
9340
9344
9349
9372
9375
9376
9383
9434
9454
9454
9455
9484
9489
9497
9539
9546
9560
9576
9583
9589
9599
9601
9614
9642
9650
9655
9669
9669
9670
9689
9698
9722
9725
9739
9742
9746
9750
9751
9756
9760
9778
9784
9786
9799
9807
9814
9821
9830
9837
9844
9845
9858
9861
9879
9881
9886
9889
9895
9917
9918
9925
9929
9929
9930
9941
9952
9962
9971
