69886
75400
39506
10696
50435
59277
24889
34740
54597
29331
98296
82184
28154
89576
95048
3118
41649
19134
59711
69399
9818
17353
46769
15652
55122
76712
88323
72073
5543
1378
12838
75428
76777
52343
2476
43563
27972
27364
94654
82568
73046
92949
64751
1199
82524
76150
4316
40524
95284
80378
26274
5101
97730
73043
37104
69204
49754
25427
41276
71648
26804
70466
47076
19932
39160
65903
79846
83483
9618
74499
66050
82663
83799
47152
83861
82674
23302
4528
39549
34937
84905
65822
56389
98986
55216
93493
84541
4969
35271
25817
92969
62074
12634
40044
98357
51793
22298
94554
35276
31915
69052
17677
14577
69202
81181
14789
68227
20834
35668
24127
55770
36924
89948
12158
35909
45164
22002
36802
66484
57272
62618
59452
35697
91603
15847
50405
43395
38144
44958
95022
86410
30361
29051
986
15914
10231
32126
84140
31064
67793
8266
3185
4716
14566
31694
56977
76081
53696
10130
42564
27319
72747
18368
79368
80701
50566
29772
24095
5062
91082
35469
91471
21442
64519
8809
37356
91101
40934
37847
38516
25079
62465
41700
46146
93382
73393
19474
69462
43440
29603
28377
87111
18701
63096
66478
99401
13662
12601
39848
35075
20034
75316
42897
41476
56186
51705
95183
63638
8991
49381
2153
34069
28197
60204
80214
21578
49948
99688
91039
93388
29290
35768
96850
47991
98863
79679
63743
28876
8631
3590
63950
28665
95257
6847
86492
67794
74903
98026
31431
83893
63758
49935
17961
91955
10138
98175
13532
60086
14214
20923
69825
59855
73042
83026
24197
71904
62704
87940
17132
71334
91529
81081
16350
3138
4279
2841
70931
95534
866
18714
79426
64624
68648
97387
72930
95138
11913
2813
71575
42478
23735
57751
2332
96776
40776
26529
85032
19831
14468
2163
91164
22348
99595
23866
25485
20226
26706
12768
15759
43924
47833
95184
24899
16480
8922
97828
27969
37186
640
99543
79663
40727
57293
81995
53854
14420
8523
55237
34250
39342
73751
41766
61689
89698
65631
3526
9923
8688
32645
42033
52611
80477
53568
93861
13308
62490
8040
41277
99675
25032
40819
95690
82110
14464
77684
35963
45235
2558
7552
79485
41899
81302
21250
19939
70999
3232
23464
97273
11919
56108
39305
80882
52936
92873
74742
66244
71714
99134
7520
87740
24165
64690
83429
6274
95505
61112
58588
40740
80021
66139
20224
21919
63793
57825
41858
34791
61056
81673
32064
72974
54133
87720
70207
7068
80592
44949
73311
52305
60434
97182
56397
84598
61872
39825
7223
73728
17289
82162
14467
97309
48301
51042
19228
28445
8866
77437
63235
86273
75461
11650
75599
29593
99370
45805
53013
96313
7105
26323
64970
67538
23505
21366
68487
1728
61190
75709
75455
78478
57871
6274
92139
22523
57315
27718
50967
82533
5154
30553
68805
96966
58555
60755
26559
57924
6560
79571
70588
30016
22245
35557
97554
62101
56922
82392
63828
34464
74453
55635
29293
48675
61908
21431
87549
35574
49148
38515
18106
70653
85419
3263
67619
43973
64017
10529
18248
86928
90099
88836
16944
28695
40744
30849
90796
14018
13240
70975
48481
4044
42961
77773
52718
21220
15556
40266
56794
64703
95132
91251
51708
80551
94513
19326
40875
74882
29854
75475
61809
36304
80662
95104
81350
21405
25952
72145
35422
55544
59472
254
59587
2432
78027
12305
23652
93582
68922
96797
74636
64054
88047
26343
60956
98912
62020
18182
90145
8225
93656
68305
60880
90669
63409
42230
12074
5712
30726
63847
61255
90197
64101
37194
8981
58479
49498
48984
52060
34771
45780
43047
15176
50178
85742
76131
65441
64113
10665
55585
88690
20672
23890
49569
11341
3650
8150
23414
9361
38876
3612
70616
45424
67712
7809
54404
26190
73658
3387
94601
8428
65518
37648
39956
15696
39741
16086
81136
3853
43102
53073
92542
63774
93314
58463
75114
96963
82964
14879
6323
38191
18490
76938
83615
2554
1098
54370
28743
91107
74109
23344
15887
39626
77343
55842
71673
33435
88279
69161
53639
31381
22233
62533
11506
31898
20995
2971
28860
3958
17849
35182
58501
52690
28472
42115
55243
45921
12836
338
37028
86944
40033
52914
42922
17375
8755
30946
67161
97033
106
20799
28413
38690
83331
56270
70587
20677
59240
15798
40987
93440
50980
99487
46130
95803
41601
17724
41723
70788
34413
78750
57732
74445
31663
17005
8171
40417
47950
75331
53802
64408
96130
98566
3097
95812
54836
90036
16489
14075
5833
57475
7515
73164
56961
69996
68966
14913
4071
10689
85700
54836
89438
59783
29280
37453
76787
37451
94221
41089
29133
48022
5496
41614
62940
24944
37426
17775
14979
53914
48201
37164
27740
55715
10327
1052
42062
79293
15964
62485
6333
18015
17320
12122
77798
46599
49574
70936
401
43795
12024
45886
8168
33871
87499
71107
58815
41276
5233
90145
11541
53434
27308
39280
25500
53987
40331
67562
33279
72646
46398
55963
7013
63717
68084
1162
26667
17658
72097
43420
77804
473
89305
2323
50695
93155
89782
9509
34431
95014
16006
45971
48447
43313
1603
90299
97299
41933
57860
46929
30931
20609
2891
37943
84325
70975
39104
27343
4984
27552
70762
99139
44376
76418
17813
11423
85925
7594
20931
20355
18960
36936
82677
83758
96601
84279
74056
93899
42564
48267
57180
73494
68875
76422
27788
69551
63748
83243
96894
85083
27146
84007
84221
87874
76777
18386
99296
62701
42331
36578
99407
61290
89866
82083
61400
86466
66362
35455
96716
25277
83722
53895
15122
68948
30317
42909
38499
10416
42503
51744
95499
86000
52102
79719
73873
28878
14456
89520
7930
56787
26098
7336
34428
15963
89419
95827
18780
72132
31282
15495
97408
31355
85742
12529
16654
32410
71789
55152
42825
30643
23247
38323
16642
75349
34394
6867
4226
48849
12738
28508
5635
38835
35843
40063
71149
41613
52241
89928
13744
99874
21775
27503
31228
7516
40031
64234
39925
28171
35737
99101
58813
58984
37424
91807
34332
71817
15025
54909
37017
27762
83416
42652
66597
19259
99066
54097
77223
67658
60377
90967
67532
82151
18469
15111
89666
74852
79344
45942
19374
15081
61394
78187
74064
98817
86345
24747
86985
1369
96007
24002
29130
79423
83005
12078
15033
98422
66175
92255
66079
42903
99573
33610
25053
34394
48721
31070
9245
44416
93363
28618
59496
54756
23156
49911
69925
9500
74657
56909
27220
87016
97262
56350
66438
96618
84779
97822
95039
67305
6428
77470
10207
6001
11079
35259
56746
76151
82680
82342
20567
76042
27311
96414
30798
50467
46325
722
76318
37333
73982
3538
24348
71244
76239
7137
67861
61017
21310
79252
28322
27738
56721
54880
50090
84151
90139
6835
76654
72818
89176
13572
65212
16486
9985
96009
83304
72661
13082
59622
26346
3415
79511
50693
74658
55749
74182
58871
33117
95491
38122
77790
23228
11194
32670
89669
95344
39160
96503
88349
28329
85678
1920
93540
18516
28257
5900
1819
917
18981
61440
27262
22396
57302
94307
13405
13050
84840
88627
62519
80330
26748
40308
19910
54293
72977
9578
65989
28488
6081
54337
56817
8110
72609
50356
26625
865
56256
28444
1781
91588
6235
45395
30335
63537
56053
43740
92938
40892
32366
71808
37573
75466
12116
57482
46110
1444
67060
12098
29932
89492
82787
3100
97601
55395
53455
40578
56259
26062
85373
74391
17650
91607
19785
64336
71495
92189
8075
80785
33080
56793
52592
70653
48610
81059
44486
94719
98855
11545
23169
45138
17388
5955
48237
14989
61349
18043
71918
17607
44105
57290
91997
78106
65248
28134
42441
36743
20322
66868
33879
69754
23660
86470
56758
88621
83881
1243
99691
82735
29140
22859
44224
46527
28813
92460
77867
90161
10502
49784
24119
70958
23425
32468
49063
88673
60601
91504
41767
97274
58371
75645
83379
98382
78466
40136
87002
62346
57731
86692
61432
86870
25903
22007
33396
54715
14466
27615
61228
41320
77398
85346
28629
823
17813
77692
5847
94765
85547
47613
92039
43917
23257
75417
58650
18074
31905
45651
96772
89635
48694
58203
76504
90948
96562
26251
45663
11027
53865
23242
68698
47615
8587
97327
48437
42752
91370
54283
37516
76916
18247
45906
20832
41503
37675
95833
59576
85931
41483
56347
75565
6528
30902
68420
13828
27463
94670
59490
54841
64887
99083
39891
12501
24021
53569
77289
66772
44938
47923
20640
21853
66169
82897
59036
24023
20571
54868
83598
6501
12702
56297
98417
35581
3550
66836
49408
47364
77858
25249
18556
42744
24331
58446
71596
48352
12014
48884
31475
73303
96806
52114
95155
79326
35011
54190
3348
71933
25409
3297
94786
38110
75945
93202
90043
79494
60038
39450
43209
54247
81051
61765
96990
5381
36562
84937
70084
64928
33820
1559
38230
46977
70024
49737
26302
21386
20278
46001
93319
45687
49297
88104
148
25242
81305
90190
21087
57694
45992
64296
11940
27042
42412
25281
32422
95325
10217
18858
60252
60388
20416
14834
7364
90439
64570
50017
11825
84847
96017
21495
46885
45314
9598
63385
86907
7254
53574
7993
81300
15917
88640
93239
42958
47403
34872
91732
42728
61440
10589
19331
21828
47356
50516
45543
54146
31437
95560
82322
32636
91576
3816
79520
53241
29765
42904
40147
53371
12830
64492
34670
28746
69483
44260
88056
16886
79131
79787
75965
40571
6727
11647
62398
54082
62163
7940
24579
93599
19851
6901
42586
27779
10716
22106
81019
56833
81361
37518
10203
10542
18361
44872
55640
87843
89131
43695
4728
84614
39833
97044
25184
46559
8691
3933
16992
87205
28224
41570
80803
48075
64822
23389
75853
91890
61846
73223
48722
59558
27092
75276
86452
45452
20147
42091
49647
25629
85785
70726
10242
41969
67770
35425
4879
76460
55709
21870
63664
83933
79791
60818
32007
60965
558
24211
52854
78755
97433
17927
54665
40877
93202
41116
86328
29700
83206
52326
55328
85342
23052
65570
27310
90821
17346
32188
83632
73055
70409
47295
56987
66551
24464
5345
27515
25022
29555
80368
20128
43339
14646
74792
84215
7847
15907
86895
37546
15464
39220
92874
805
62271
74795
44466
69443
8492
93005
53074
81546
79765
16720
54884
46316
41184
76580
90182
82557
22486
86902
19036
65825
1547
93828
66391
9394
26086
53285
46939
41550
8857
56164
58706
87479
47310
19524
56922
55802
12528
26347
53699
92293
59419
24935
54960
16954
1514
45141
99510
24000
32042
34897
6176
33589
45076
72566
59334
71162
42203
22624
29063
67411
95140
87768
54889
42449
23643
28162
98250
36171
70861
68301
44815
30279
93235
16126
47232
11100
61266
63093
51451
9660
97989
57626
43248
43065
46544
18933
30578
5098
41556
59640
72508
36695
63759
27396
79144
87402
71910
93745
39924
42770
78397
84738
73048
87983
17215
36631
99083
78480
99723
66885
88139
97711
24511
47738
57127
87406
83022
87704
92503
24578
47343
65010
77624
27454
8757
73119
14855
97018
83216
71130
56139
61612
72219
29186
49595
89433
65816
65029
67912
81890
31913
72403
79601
72775
36492
36727
76532
19514
40783
69034
44091
88125
50395
38066
31930
75504
11185
46784
72521
94400
34265
45012
56011
6483
90549
21957
95915
72717
3337
63827
54606
35250
52581
50558
24376
89072
87285
908
24937
44419
69941
85379
48895
36688
23445
80825
12191
34629
43960
1063
45380
78225
62426
17742
84707
52975
56051
80622
25691
59387
60800
80296
94636
29732
30854
19012
35155
34490
19919
60092
78908
6211
45470
27802
42898
85266
24978
71440
19894
68938
88855
81625
47162
51280
99367
48220
20606
55417
28841
46296
14803
5992
26592
25791
35723
73797
61154
70878
24638
81072
47321
3545
3634
92790
47698
62884
78056
72676
50675
14301
57965
55881
12278
21478
23513
11644
69697
44118
83412
14890
90414
14566
37233
33357
40356
72956
7153
1509
60185
31790
98932
23857
51686
18918
16646
15735
81801
11053
4762
32475
41706
62726
88356
53983
555
11868
81978
86604
72337
65389
1493
62750
79954
38725
96106
36662
28032
19610
54522
4568
67751
53454
28424
35788
72371
61422
51523
70523
88826
72636
19349
30531
51714
24056
84513
52268
52275
82842
38871
24612
48230
56715
87361
44536
11792
99819
81197
39823
19428
35718
60743
3531
5523
5518
39318
94245
66939
90840
64767
55765
63476
84116
2647
15189
8171
3512
83808
60446
86353
22679
85057
50935
79393
72417
95470
91184
88587
93018
47359
8015
45087
24453
11545
50610
29970
50862
61206
13261
58054
25973
69025
37881
10088
88023
69421
34610
91534
53228
95055
94239
75906
96463
45173
71651
85232
40642
79186
73818
50011
26544
98184
95097
50996
26080
62058
97318
93294
23264
10578
51347
49236
95954
5579
75675
83976
74999
26636
91862
28226
38043
86100
20484
34505
31272
92134
36088
88265
71319
9906
38275
14215
8089
33371
81562
50521
95429
78879
43814
35044
89456
95160
631
85409
738
92657
85737
75736
19292
77598
20313
57334
63697
40796
8191
11320
32929
44278
99584
20600
70535
37858
34814
94976
87580
16375
45496
99360
95254
89309
34403
1061
820
35033
86470
17909
44041
88558
9996
63333
66155
30308
37018
46203
71104
61560
57522
20384
22190
57105
40983
92724
11314
92148
87699
98893
24875
49546
98253
20128
38854
32655
37540
56025
84040
24009
73933
28080
28918
280
7764
11424
30588
61134
57626
18043
22693
31499
54778
44882
4955
12113
37606
16268
4260
41656
15161
29134
91202
29765
65613
46407
78771
3153
18784
62810
43513
9068
7242
72431
9348
15005
83854
56287
92490
57832
90681
15183
89330
45458
76416
10637
57570
30373
26904
78182
88381
58416
23667
95934
88180
5632
42340
66951
8784
77475
46112
68648
86543
53353
57430
95890
84710
57636
68528
93551
15467
59208
8733
21148
4665
1501
31784
78587
31873
75040
73120
20253
33455
96786
16186
37987
18769
74878
21289
27552
52352
67400
12552
55246
37105
69981
51135
38166
43968
19662
31716
59434
95221
56801
96934
99886
58301
28717
94824
6525
20108
67943
26778
53563
81080
59315
7901
99849
50544
29189
43752
2896
12940
56303
74493
66396
42636
41980
4561
86603
77993
52629
62389
73214
9429
59322
73099
84081
4390
67922
90605
24498
52216
33734
94412
33295
9401
2312
49495
59944
47852
93247
79191
60791
65901
53684
27187
8536
95663
48099
11491
73655
727
73879
46868
26507
49552
36318
10587
70293
20591
17544
11142
72806
67629
5553
22453
93381
24216
71947
53325
72067
81545
48867
32858
47446
18902
76396
72333
30916
24494
175
20923
41573
90405
67790
68079
39956
20460
95018
26601
57402
28913
37742
46560
96541
43295
69012
6274
67510
57310
75950
55929
55207
24816
5138
2652
43718
81533
91336
74633
22378
91511
95555
63950
81915
79697
32029
38223
16508
27046
64823
73909
72310
2564
20468
85202
62210
5831
91475
46072
79493
67424
2000
34699
92240
7137
53702
52309
5021
45037
43293
27398
36547
55200
91348
34814
51248
39728
73036
84107
83125
54210
58015
55434
73125
94835
40635
35335
17017
32110
81406
96509
99533
99757
31207
8124
6893
84908
76784
28265
29945
36429
55662
82843
7980
63361
34008
59227
3088
23395
59685
2564
77604
17699
57997
50729
28885
98632
2415
45902
47093
83820
42410
62977
99928
89969
87453
6820
91228
64236
51436
37524
17016
23449
20367
24995
86810
70726
573
6249
94121
60257
8813
71724
94308
83161
22452
23192
81792
41218
85445
45236
25037
44207
8213
24964
34175
95665
48135
25402
76252
15922
62926
9620
39371
99644
34614
26180
70369
51539
48780
64489
11795
57592
52565
22454
40753
91368
61998
38896
32586
47442
84132
73974
8000
8696
98938
42174
20712
63424
83928
13315
79346
63205
22934
18716
79200
57548
61247
49568
25438
10026
30409
53584
83970
82973
76038
41074
90692
54387
96321
23277
18180
80452
97251
26180
5499
12540
84705
26210
92315
68632
39525
88012
48188
62458
6727
27387
36357
84325
93307
78146
10703
23715
31730
94672
23039
7767
35745
13730
78505
32065
53359
96684
28869
50609
22863
50719
63148
7568
93281
71814
92551
49157
59826
40739
27966
82904
68125
64323
67229
61431
58820
77931
1497
90549
88954
40887
14667
41050
54617
93171
89466
7975
89855
34686
74935
12717
85405
54434
36636
78685
26247
29187
27841
86072
69925
72158
68976
54401
36480
52556
15832
95300
46838
33680
2200
35791
74567
16867
93192
45535
10037
82657
69861
99891
17343
44795
28960
19099
99228
65595
14135
41826
94781
58327
44250
64705
30484
29577
35458
83316
82132
67641
94967
45321
1320
97166
97463
92238
14032
90654
37772
40421
73310
7632
40311
7004
68778
85622
42454
68005
51217
56588
26183
45997
14914
70432
27054
45398
8
62511
45065
98491
30151
40031
60163
47822
53548
57625
40060
67580
48278
77831
24352
37939
1815
81014
61295
70592
66636
3748
54949
17852
60336
81131
80200
91601
67914
23605
53350
84273
2467
98414
99115
48969
38444
59277
96791
8344
16901
36850
75923
81530
31032
16626
35820
32846
97639
97114
19790
64274
17214
74738
98477
77549
72220
78677
85501
40133
18633
38851
40757
21100
37264
39871
70068
92060
99147
66858
16755
32399
20059
92677
30280
67443
25654
66099
16640
23292
79565
36429
3918
96778
27518
2394
90678
99737
97422
92530
39869
32407
31380
80625
53506
84996
36847
23573
93407
35993
6783
10161
84743
43193
19189
15022
10635
44842
97473
43627
84485
93389
80055
88402
6518
7573
7148
13547
7309
20921
6076
63530
53327
53808
60506
23184
38803
97353
46757
48561
49697
69891
58721
50792
13083
94261
82165
40070
55454
79637
83696
39938
89377
80102
44692
95894
87674
68191
9440
11335
5463
15516
91216
58790
69323
68073
98325
24477
81777
45081
73037
31474
31323
48109
98617
44406
58721
80781
827
14174
76770
84522
70463
66146
64623
31506
62040
68649
99696
71479
96335
21511
3346
3902
80300
89020
71974
94976
13496
53751
40057
2884
1576
87731
50992
192
48488
26064
80972
49314
40237
57741
50187
27052
40239
31162
58557
2278
99810
74605
90108
12496
96115
9806
16397
92766
98825
4722
87741
28673
58472
44149
31556
60047
31880
98900
76590
80367
24963
73914
46033
65200
48006
96219
8603
88244
27380
67159
6873
43541
58115
96981
56036
54229
23138
88784
63346
21962
93506
51087
50634
68329
11587
98542
28376
43466
97441
21317
40185
22403
95230
86217
3954
43236
82435
12556
31479
9815
96067
38352
53355
54181
51684
25743
24762
74821
14526
4459
96782
24383
55545
63768
92712
83484
62309
37439
26949
59749
58755
83485
98503
53985
69701
2457
13572
68488
31364
45050
94654
43782
99753
64360
14315
51436
90102
39076
26256
20980
43534
39390
45362
15431
19509
54425
98914
81817
91863
42214
57917
66970
42051
56419
20954
11751
75227
34525
96590
6591
95926
91243
66724
95679
71955
81038
63466
62056
20113
89722
99387
79999
45463
61101
11781
64971
15525
27046
63139
23740
85611
37407
90709
27661
10177
28014
39412
85404
78890
52353
8346
74815
59948
75069
86845
31902
56107
50311
10309
92571
56384
26048
88921
18198
87148
701
83168
19024
44098
62658
59115
29709
64
49823
57369
10240
77836
13132
11995
56725
65485
20340
47892
25432
11761
34736
73685
84219
1398
83993
76789
57781
26392
65710
75978
13539
82762
75497
48915
26860
54506
8029
56568
54569
57852
13936
81161
52039
27068
9507
25116
8904
29847
73007
50687
57959
24094
24371
42177
25492
24715
18965
99624
51107
1026
91954
80997
83788
67450
29911
26999
21956
54292
83566
92876
28495
13853
90388
80533
40920
99895
22000
66175
46093
11358
16861
4051
35452
41231
46227
77295
82298
81543
93270
49756
98921
85223
30752
82708
69025
77015
9706
7332
47658
9623
207
76152
23475
90595
73036
80747
90489
95036
46921
52933
6393
63782
56983
58196
21364
19561
51842
20013
1103
45112
69768
23
46686
16872
99082
15710
10238
25139
23041
57895
51113
39600
34046
74588
46546
23433
71686
53386
18468
18606
6318
41213
98739
63300
15760
36455
99212
67602
56467
16666
29065
42587
33041
92102
75810
48474
24164
86047
73613
63556
43941
24725
3155
94338
15664
66052
17770
87349
19437
52590
22307
25754
10154
37397
5405
25913
73851
20968
9866
46670
37634
55282
89256
70674
47384
65065
19147
71547
67463
9111
51454
11403
50188
54609
22092
82203
37012
56213
85904
56449
8802
8210
98554
35307
45606
20311
61220
35809
41278
71085
82478
95263
42719
88085
82288
90102
69501
1435
78000
36963
26897
29453
64717
77084
413
86808
59287
37425
59372
45190
10225
84526
69751
25130
19832
31708
45440
81051
67516
3070
68488
66345
14684
11206
54429
96972
17659
40281
14758
12010
77243
41654
41462
41959
35090
58227
45118
10728
95651
4490
72269
22227
89015
42019
47356
8846
90078
9148
6249
73946
28569
91088
40290
43252
18645
11071
40223
36303
51351
54980
48312
28594
96634
6125
86904
48075
64351
32022
58802
76353
36511
31070
98579
41877
73088
45935
50722
79517
71434
73322
53462
2
64409
93752
43253
83053
21174
83476
35707
72524
54807
370
17469
67792
6495
4373
15866
87197
52746
74667
63550
5608
5736
78480
47484
95175
40766
98205
74692
12199
71527
28153
28552
52287
38256
71805
35340
59429
71632
87398
48305
26438
87768
65773
94230
10614
86497
26447
14162
39242
1114
94063
44849
23201
72543
92332
34728
29660
6889
25771
58211
94767
70275
86762
47053
8531
58566
98744
84311
30197
86142
32615
72987
90261
14740
83568
17226
1236
10014
31387
56830
27479
25450
18030
67032
14344
26714
1759
44003
33602
27529
2213
44720
97803
88975
8124
22685
63892
23220
6996
94089
9361
55962
83427
15973
70701
66994
33198
88289
77007
64584
45118
20838
90033
63147
87869
20728
89860
89627
64731
39813
17155
66943
884
31309
72269
9008
53994
36161
32227
60989
46601
57939
33302
30027
90263
4003
97020
23460
92291
90378
88043
37408
11215
94428
16906
15435
15155
23118
5061
96237
79282
38567
79532
80166
69876
51800
5525
40221
4312
54103
17561
50912
28393
50862
97290
18655
71216
10661
42114
63506
1039
46508
17265
28605
57287
34171
44040
88794
73640
65452
85030
52921
4019
80913
33086
90246
32713
54962
46818
53376
9064
64378
20640
37456
31591
17929
56110
2807
28590
98223
66312
45980
61083
99929
74584
18369
50451
34975
7162
24090
427
8544
77010
20797
89456
26448
27394
38520
81409
74211
91896
90473
54940
28887
27928
86530
46815
390
89336
75404
14964
72000
21383
76046
88280
12319
10767
38730
63645
34280
62819
64071
42823
39828
84867
48631
66275
28612
87150
47684
2822
95397
54508
57761
40635
98787
60643
87450
99176
66330
79205
14140
38329
16940
6537
26608
29258
17303
65337
92902
51583
44507
73325
10757
84335
74543
59387
66961
3155
62889
30996
5976
74637
85503
80089
15272
84290
40731
2721
99817
7060
98277
13956
61741
15216
36845
4700
60825
54147
86389
70079
22081
30895
43403
32838
31581
34297
92224
98542
53803
71464
45889
59779
46101
31392
56219
61372
32033
96949
80444
31849
20360
78720
62157
82100
10288
99001
3152
71112
53147
89540
41190
91580
20434
944
24417
52015
51593
16640
66908
5395
4456
12796
81525
50556
60539
37743
28279
92571
51043
25074
40772
71403
20145
2928
69854
30432
1928
73005
17896
71426
62544
75437
63005
99330
76381
87421
67696
44325
20413
50955
49719
24868
80102
31244
91775
40641
85338
20053
49563
36381
61478
90334
24135
81622
93261
10340
12054
11540
99697
46301
99318
78592
21737
62322
77921
14469
66095
61968
58793
86507
12922
8512
27726
93024
56107
19500
50016
41444
55904
15930
94176
17381
6264
18310
15354
15876
45002
43759
43768
44698
90059
43085
23289
11796
5406
1210
26264
87852
79529
85057
90710
92451
9920
18435
1826
66026
54286
68193
23821
26541
84122
17997
60273
6737
52658
75627
22613
97659
19385
82732
42356
25796
25816
65645
37591
47573
83206
80206
51777
62734
81614
42486
71536
91533
77273
73361
73910
47910
41553
97731
74451
42027
32079
51075
48763
84736
26701
87727
82395
62438
70458
41102
88233
12625
6746
42175
76550
6303
22380
28326
85389
3994
70811
56924
11878
64435
46637
85788
12345
4541
99870
86795
46567
31948
37869
95330
33035
80922
99408
31781
59711
69866
72883
47943
98842
95980
90117
75391
2283
28848
20068
4023
49193
7231
60946
61071
71665
7582
63210
84009
28475
63079
70803
75041
11378
25024
86722
60764
22297
86130
92545
82007
72347
65427
29949
71188
77758
36417
62931
96392
81616
82998
414
30809
90228
77712
91879
61893
85293
55088
62253
30119
34518
33056
5160
62247
74431
8233
23010
96727
94362
15554
78733
66708
97332
25033
54248
91442
77801
17178
87833
59416
16527
88247
6576
6755
82310
98454
84999
83954
69893
47251
14073
4410
96658
19232
66656
87440
43816
6018
84166
38178
21571
79250
21237
35255
20634
75484
26696
98434
9013
14528
74202
25540
19126
80777
48646
1435
95583
49996
85389
65475
13598
15813
86237
10256
51396
69244
14047
95211
75261
98213
33388
13184
93814
70977
48438
14448
62812
91485
12881
88177
22364
3434
30068
41490
84211
78713
59276
96145
45060
61016
77971
58657
76828
64207
85264
28223
49803
99311
23434
25063
13875
73173
54598
7688
60501
19387
22135
23313
10871
51368
11489
33235
71153
57908
91076
71715
52972
66703
67859
98031
44071
45830
73039
20898
26388
74655
65473
76190
73965
5258
17605
4191
94782
72202
28230
55283
7941
66717
94947
18811
18084
22787
68397
5588
80694
75824
77303
33665
42527
45161
31695
86597
90990
21085
23846
17378
95739
89318
9919
86055
10927
27523
90245
5709
16077
34827
77343
24017
1543
72289
42827
35978
95075
27576
41565
75768
3399
18867
25784
45925
64028
73830
48873
71369
94914
72719
5098
7005
78388
15017
93059
89315
58891
99656
11375
74967
34482
88717
98983
36024
77357
58162
72001
72431
85737
13565
64550
89135
48784
90333
51412
12811
80514
16636
531
75427
89354
5629
82431
84094
36997
91842
73408
95887
91497
1134
70854
42330
89850
69836
78353
67206
44349
66705
55988
30085
96621
36889
35572
45404
43573
3335
74566
24086
19970
75097
99512
9324
97077
98295
9769
50425
90136
99528
46311
97984
661
33516
40313
6862
19704
35017
90419
64052
1721
62758
10489
14693
99646
46060
60097
43218
49394
34662
83655
85715
26110
99518
11390
39538
97812
21158
89962
4299
20685
36273
2282
37697
86140
58946
44558
5843
93962
51328
86247
12034
14085
96735
26727
13730
42794
3175
73299
8539
54188
56953
10605
96650
56471
21995
36187
70634
43152
26149
91285
80189
78773
93566
17885
64912
52512
62443
87107
62825
30122
73353
74859
44207
70087
17937
74288
29232
37463
47587
54122
91650
20891
64726
88299
93713
3072
24486
64347
46224
66986
55631
42764
62110
65548
60648
27021
34411
39442
30479
13588
69564
3831
4798
13770
90269
22734
4409
19500
60196
51995
89973
68197
89238
54699
72848
82950
57770
13685
63648
20345
80670
35630
79460
42779
1178
40108
86151
51940
95901
16630
65527
65464
36812
70324
95585
27081
9409
99994
62932
85956
68340
52905
54153
57577
23955
27000
40527
98076
57036
20526
34773
54057
56156
14232
13187
57333
70691
99337
25624
66592
32318
91151
48407
85482
61474
60344
28914
87235
76689
91845
73190
45028
61101
27342
18957
1407
70693
75835
15835
44080
96360
66959
98136
52515
81190
11322
26199
68233
27011
51823
34824
59328
59325
83230
61161
20798
59925
90074
24384
36613
98271
97574
97993
75723
24915
16949
93482
11960
9135
9316
56039
5494
92626
54175
74361
73815
81848
559
42047
8858
68733
93222
84538
28057
92804
45698
65207
52728
52124
89590
89341
66746
87163
3685
42468
28430
20633
52301
40389
29767
77968
12779
51612
70593
83305
25972
60760
65153
42883
2806
74010
11615
12380
74899
39672
5183
20597
4878
74262
89072
94467
79954
55817
97982
83638
98284
26411
20622
50585
83151
66740
28552
12281
18352
15497
95586
60675
76256
77090
3557
95413
67451
31524
7792
42350
71195
29326
79298
92424
3588
68369
3242
83541
24185
1223
83531
38820
43985
4152
89404
27135
70892
34308
55768
5595
49804
51353
82621
42411
28442
86178
37823
12244
17701
45615
54593
5247
91292
33890
97670
94879
2258
17263
94772
42794
34838
94654
81614
78822
98805
71017
22309
86048
21676
78076
7994
87831
45780
90615
30241
90573
93144
68064
2816
10844
30030
57409
32442
21321
7650
46463
32552
26260
63725
43675
69053
98562
38328
50666
93736
37132
38035
16044
39532
76062
10471
47525
63893
56250
54491
10485
46822
47634
94900
49637
74829
24929
23397
7270
62602
31047
70084
95153
57306
50161
38827
42710
48722
77154
93376
58809
30637
31410
91204
86520
7471
1674
50397
87715
57923
4887
98200
4744
68873
9451
70733
43701
34380
94129
67323
13333
41527
37406
8485
15184
87566
63663
57894
52640
57168
51269
27800
4156
99030
19004
90676
22852
20677
57424
10567
94952
78662
25118
99695
47534
34568
86779
7587
85299
97260
91261
98631
38786
45018
23467
70322
48936
3481
28215
17927
77000
95835
45726
81156
11216
64729
88183
34067
1758
45606
44633
96709
40619
86102
12755
88153
20670
99534
12091
22320
96793
3351
37303
51930
48368
60769
22251
97303
80602
66817
15229
57601
79003
77307
38756
90218
58387
43290
24285
60144
88895
85269
73204
45866
87723
85959
34018
8392
1844
62460
47063
98636
65810
84365
66917
30529
61486
89168
44184
42087
72336
59412
99687
51339
53070
54795
41556
11457
98084
82192
71600
3331
83813
44804
49196
71535
47114
99565
96278
48957
62024
43340
63944
44185
27705
30860
74713
89190
36379
18896
31276
8715
94660
47314
76405
47729
2108
17960
75537
16544
16504
47137
19874
316
8292
69069
71850
55405
68633
68127
4361
47008
11466
84656
91192
55522
15515
82256
44711
68246
17504
92338
93312
28515
56004
69716
76243
58111
87675
68132
74654
4178
15268
10879
20845
39911
79947
92694
95315
64931
60820
16027
28290
88638
17034
19481
60511
32548
18089
5222
17145
35592
13911
10456
64106
86266
80171
56700
44377
84198
24831
35382
4727
56450
62613
25572
96360
58911
34617
8026
23842
11789
40404
68483
426
57437
87964
60936
6337
6052
82509
39833
57995
12772
50289
22100
99037
46811
78799
59765
31008
19982
11499
52087
76431
74111
77658
89143
33021
12274
13520
73214
40414
70276
41697
40839
27712
46012
18127
50400
68415
16987
90233
42761
29758
56873
64860
45147
3683
60010
21263
34691
79991
32761
3129
72774
23223
97138
78268
72596
9411
91787
62161
49825
62062
20209
7015
6126
82572
41493
72877
50986
58480
79461
93746
4589
36333
74957
66087
40016
34967
87350
91058
31309
20110
94186
20434
59685
91323
98701
32280
17085
6840
94440
83261
85253
31001
6628
7730
13572
48120
96959
64558
22951
76419
74655
43892
12752
65964
9978
52767
17282
97327
60176
64942
33789
70713
85376
93473
62035
428
42104
95471
23619
52895
95084
25224
83895
1711
32953
97467
66182
29911
78376
89133
22682
69382
33024
35433
35345
59353
4551
52626
56680
64726
33920
90468
35438
19295
292
13824
36074
42395
25646
76045
95289
20729
1268
79184
22439
50572
93002
88621
96835
71377
94105
19516
40758
43480
71300
92455
2832
75850
61432
75863
56927
95351
66330
92364
30997
82973
22539
67071
25367
48184
59467
37008
68913
60734
16191
7703
27657
25544
12675
40843
96920
23131
60358
54029
66610
48009
46483
85794
23858
7915
61656
80784
3265
44338
89499
34262
27310
28389
17684
69029
76573
77150
6036
61837
54235
38578
85891
81891
64121
98566
39086
61040
21696
15795
15068
4658
63804
77903
90451
87661
85817
52106
84797
89081
96443
90647
39694
23753
19036
57377
92781
11960
34526
15168
73796
88760
53745
59686
87003
17865
74603
26088
95256
96299
41882
26675
956
22037
4577
7758
9698
6745
59863
10846
95826
72658
1492
51871
12762
20527
9248
21894
32486
60125
37061
22633
65237
90805
98671
52239
25021
73273
94678
36628
85923
52911
63302
3230
74948
84231
10987
997
90975
70850
11842
3152
43507
29685
55023
56268
50212
64270
78161
99049
40746
31573
38034
5982
22377
36704
74572
63749
26328
69249
376
12251
38512
63677
15480
29811
64259
42819
30807
55234
13668
59000
58385
73526
88684
13407
46145
38895
94028
40657
54296
34774
72229
8681
57107
10957
61736
31679
74705
88063
17279
91432
16665
55790
71460
48497
85600
35719
91315
32758
90952
21334
91757
49336
11211
80441
79095
57355
35687
89474
14363
6334
40599
86591
15014
97706
97547
76749
29384
88603
81164
46662
80034
97828
2452
51493
62676
4403
87211
70342
37161
94514
91675
28917
60202
2885
25709
39296
76591
61396
45121
90953
67729
85720
93895
82743
83425
7793
75843
12808
96395
57006
59469
92780
71186
78272
60625
33861
82675
64187
4203
36187
58701
12229
65103
18902
31466
90812
74549
8056
68559
19669
15361
36287
21740
9255
35381
5164
17048
11224
34323
29794
68229
10144
38926
39414
88415
99550
89627
87441
63736
93829
23627
38788
6057
5082
74041
53874
12245
64941
61930
80803
962
93642
33441
22701
2896
68822
27865
36295
96397
78539
82441
80977
88682
21366
36743
77097
37267
26369
80889
17354
36549
4516
56142
58957
25949
46534
12831
38193
11475
74760
35347
12436
84753
68787
35136
87648
53960
79352
40295
50356
57891
39087
47685
46572
60452
84427
40020
14070
10795
20909
31423
47343
41776
3916
6299
67724
50450
19129
22268
61924
10240
57614
90711
94992
42752
42198
98992
13064
37902
55638
79771
12144
94724
27455
58715
71527
11881
15087
85596
39027
35995
17018
86369
94122
37286
9020
61845
87735
44500
464
66010
54740
74429
73072
66083
33532
15269
81426
46595
53170
53415
42718
65313
48138
70172
40380
19664
98405
71818
21611
37431
24164
54981
40152
18285
92266
49171
96481
80000
10022
96944
62361
81113
71372
35432
47196
4903
50700
44973
67850
20222
98388
10567
1886
62877
97090
58617
98893
11846
30434
20503
49277
54597
75483
5780
89233
84100
71302
85713
80451
81323
99008
42811
62436
86731
78242
25983
91634
45294
70955
75835
81867
85694
2753
104
48571
99842
58721
47463
11688
5506
84317
77316
76455
59800
99447
82039
60251
70748
67752
40702
52070
66759
83512
30857
69842
78106
56839
61475
39751
44146
53661
21617
29839
56413
38072
94761
72606
13144
42223
645
18650
42892
94312
11456
2691
93758
93494
62941
64505
77597
3642
32927
60708
3506
63783
30549
81611
36974
8375
37713
97471
62035
75681
43661
34799
13752
38422
23756
26896
96996
24401
61897
39887
35064
73352
58929
28822
83197
38222
9678
60794
58215
58956
21501
61720
39091
52049
59682
76064
60423
13746
89886
38809
89426
33546
73607
3178
71967
97362
46425
85315
38114
24673
41553
73178
14376
482
18351
97572
38703
28028
74717
13269
3336
96217
74989
42426
64617
51022
34841
41391
64768
24726
96551
70545
58271
70157
90074
46590
83871
36498
48256
38336
61170
89808
11513
91897
90289
29863
89469
45343
74243
64185
74964
93930
76754
49952
36355
57722
17325
87547
99113
98444
12272
95663
68989
86894
82172
59062
49835
82394
11912
98090
20729
89433
87898
48594
81330
94538
94808
87150
56233
85402
51334
31196
79331
44439
97499
15685
2161
31175
3231
17625
29619
31854
29639
14959
18748
28162
90372
68582
10555
2283
83024
47636
91716
87273
96229
89397
81810
7388
76546
54394
92790
44231
1941
72120
88670
15791
87805
7182
46966
7387
41158
92936
39241
87148
7894
74340
15310
14617
42921
42216
16900
42296
6203
24967
29568
18783
14363
27730
26171
7260
98475
18960
51490
416
91079
56511
16206
95235
80044
79523
18974
21201
72458
58214
24701
96703
32553
56362
11320
91825
98577
44571
34121
21132
69537
80040
39914
251
7769
66084
23862
6244
1395
75351
23011
8826
48214
39216
4060
28257
18739
23033
65810
7548
97598
90510
4251
46502
46871
31922
38327
61799
76492
88799
82930
62380
85190
39196
78982
92959
21631
2843
15554
23026
94545
38564
31851
42758
94131
52262
87367
12869
91647
69528
36769
5596
76389
41019
52098
23259
72940
6776
1409
65783
11926
691
28162
97115
39886
23495
6425
61516
26337
21978
893
37233
76893
32743
96343
71024
1357
83709
244
9355
69588
37012
14950
45976
94382
83399
85586
83673
90174
86994
49455
2099
4036
93968
99214
43921
17462
5638
21789
60150
43968
22681
13735
20860
71776
10077
91883
89484
10137
8479
98838
79724
61842
30139
25699
56224
13538
11284
39896
3711
14629
89351
22162
18665
99670
21375
78937
33484
43364
17077
93633
3683
39758
23719
24543
27885
33795
32777
17368
43931
57607
32557
40006
19449
62695
65704
75672
76232
93339
15567
96295
24320
21269
18456
42984
37291
56182
38272
70774
15897
55349
80758
19580
11458
4477
60474
55694
54623
93250
89413
14906
67209
21969
54911
86657
1015
36967
62328
93599
46657
94246
6245
70976
31867
24700
30311
69157
97233
68583
56282
13129
40283
37039
49060
68092
57867
9533
40137
12490
19135
29549
43747
86343
67869
98657
72999
85235
51975
51678
78833
98632
62275
1429
69607
94141
26128
99918
79649
23360
84852
35930
52841
41486
89321
1900
25929
63539
11433
66065
76028
30567
11965
19774
33261
96185
34783
6259
81419
86757
74288
76604
85388
36562
78032
71347
47055
20512
71264
43055
60223
72467
95337
13063
13952
1009
14963
56232
64547
42747
38648
56927
89665
50612
93052
22925
63148
27834
45535
60918
30943
19822
53873
32682
72735
31905
4028
36141
68768
91643
79196
28990
64109
90884
58405
94412
91892
89719
50643
56438
32465
89290
13364
22129
56253
6416
45053
19400
50601
6939
80318
97895
26760
50542
30577
15846
98798
34604
51987
67565
26247
47534
12907
6707
38417
71311
1119
30308
77381
68113
3097
9845
73755
16461
48325
30007
39228
93377
65759
6180
16667
62428
4075
59778
12969
34651
75623
11767
85606
43961
95683
28204
7846
8589
34911
46262
96251
52381
92921
73631
20493
12370
99827
94247
28830
48151
40606
84409
57879
22716
6940
74545
85143
27366
34322
14463
78368
9945
42581
63974
70257
38264
92177
78103
63204
43439
40716
59455
95819
49989
49437
32664
62358
49264
43262
7539
97414
83867
91947
55293
22934
15238
46189
24428
42604
80511
38891
20971
6807
97823
1296
77063
52438
9825
55165
15642
53263
12233
91448
65434
62221
40884
98097
24578
6499
57710
48468
3913
57929
56766
75557
80862
72003
21745
5290
14606
2255
60532
51929
9061
74706
53224
2476
27144
63048
73992
42785
32663
86224
34232
98096
64796
91467
12544
5725
97966
70253
54192
18230
44533
10957
10138
25395
82960
48234
47036
13917
50489
7567
65845
75901
82272
35421
94728
25767
14820
68720
68551
47482
71295
19134
61929
52443
26953
74472
58167
41270
61077
12359
75851
5609
39667
85988
47355
38978
34221
94390
52895
1061
18308
35091
93314
16932
86863
88041
42698
1683
73112
11249
49164
60759
46734
27445
13201
73686
18268
71367
14955
79344
77
7157
1305
39744
93144
65011
95073
43717
59401
47967
44777
94060
99410
54442
10991
86272
58835
53689
4306
48298
81289
53470
9056
44374
97266
22256
34412
15533
9975
65718
11229
26403
72875
12533
82498
66018
93895
77571
9734
53295
41889
70863
63707
41298
41656
74697
43922
490
44737
48227
48788
42377
18048
74195
86751
15313
12803
21162
30846
22777
86879
42074
65531
76105
70958
48029
42123
64852
25599
68208
34499
83839
55422
98205
25137
97078
89253
85410
13919
33990
49988
79058
92718
84388
53253
79468
99700
66055
16981
46897
5183
20212
5322
70713
96316
92631
18741
54790
73835
60691
39350
8333
44530
94771
22889
86018
8200
12141
71427
38471
62482
37766
17528
55200
22153
70780
51019
21853
53186
84352
85101
58368
20915
90423
45433
33582
99405
64173
88372
73239
41216
44073
97923
85745
55195
20811
71762
63395
49304
59540
18217
28137
97305
35744
99688
19458
22876
50707
57662
92413
51410
42762
50781
72324
49536
96213
5905
65293
76737
10628
38531
17952
54700
36454
20048
9895
73616
91809
89641
39271
67700
7857
67408
65005
59952
67095
814
82827
34153
74827
75240
85562
17588
42372
74237
83476
54936
80142
48768
48024
90769
3650
82328
61821
40103
2375
71715
30071
10536
77707
69341
78235
1915
36748
59591
61866
20195
76756
44693
54347
51582
36284
56261
85522
95007
46849
68997
49942
26990
34116
14317
34111
54117
96644
12283
94220
99019
349
24290
9554
78055
93630
4140
79969
46730
63731
41834
66924
56838
2878
37622
8420
55513
10234
93941
50519
57083
79289
16812
424
29756
31129
34534
83872
27772
63168
94443
43142
63516
35084
52695
41570
28714
73187
37890
91795
53269
96076
75070
10106
98953
12691
18525
54466
39277
28817
4984
96359
8105
21796
96782
54212
69276
47668
38084
97047
10835
32526
40189
74351
67610
9235
32272
12675
82421
70162
20821
35689
66237
95890
62147
81541
24932
97023
36006
64208
25840
57342
60566
33944
95489
57348
4508
64764
21367
42591
78162
32201
91468
18350
6551
59077
43937
55175
88103
26357
25336
8923
78398
7924
4812
56896
89464
29744
53918
25470
93951
79757
99163
70869
30053
94651
28216
34560
75766
65934
77150
53927
98134
68617
88629
21037
44046
32565
76211
32148
58921
17898
57423
53670
25821
62234
10565
15284
8329
64483
57105
18632
44239
72619
89500
90643
67269
34067
25202
59386
100000
18703
13313
98133
3672
1941
35521
47717
34505
11731
96216
9777
29628
53638
79799
71800
32224
90363
3436
56904
71197
60540
75535
31788
33159
65034
22430
16779
99100
63984
76165
15451
82686
5829
13584
86357
7769
65456
50425
58625
77187
62993
68401
23166
32982
48199
11318
65205
54914
14753
22109
42462
91644
97643
74249
24802
79029
13031
57933
94480
77014
50449
9931
76051
56277
39866
78760
64045
5321
45536
39021
98859
8528
23773
22025
41510
88324
33342
23066
43237
64446
45174
85698
56089
59169
76299
97243
54549
5681
55175
49028
82694
5623
58958
75096
61899
15175
53855
42295
20496
99391
97667
19354
24270
21439
57730
65779
9762
7423
88845
52998
71868
50370
55048
27957
25890
47698
25199
80438
53378
96725
45818
52423
2347
21127
27518
80597
36302
97725
39243
56797
97115
36909
76150
37736
74699
33880
3515
84461
41302
8711
53810
29522
75432
25209
57478
1322
72906
99028
98111
42635
95752
43928
95057
14450
65055
38927
11398
1356
36651
66992
74504
50117
20252
50653
87852
94950
884
91366
79410
58538
16428
33220
88059
91860
58428
61888
93181
47686
77267
7643
90320
73018
51571
1729
3819
32977
40655
31568
50684
77305
98559
25187
27421
18810
92191
31624
30111
93075
39342
9521
51612
55769
59092
56022
47628
33871
17909
57160
97908
95175
81155
88228
84544
32725
6308
4714
82053
46962
36281
32736
40618
51191
57922
68038
70000
50112
16013
110
59538
55354
25982
27501
11123
1425
83522
75102
35296
17782
48614
49555
29308
29768
54134
30203
78844
60441
34916
77248
7402
87548
9983
64371
38738
84256
32408
8737
50719
48421
25199
10257
20126
67532
37757
31248
68957
37631
22702
20604
55412
87667
86510
1072
17434
40644
31274
12629
1084
82542
89876
24838
70089
16210
89208
8827
465
37968
33915
51183
2740
75465
77791
22865
42997
31900
70465
28305
69530
9518
65260
41293
97184
51769
58716
30969
8764
89990
43597
26200
72531
49824
67389
58971
82385
56596
67797
82849
10915
1712
50383
30006
77176
44526
69223
36524
76425
56039
81180
62306
65556
46439
3598
62739
14560
78666
10059
23323
68655
70007
65874
57537
19830
33262
32859
2214
6210
656
1414
17124
18719
68148
63482
12246
12673
32704
48770
5449
88742
29949
67754
70649
92740
87704
33387
23651
66369
59797
63325
51375
29803
29199
25263
65984
62460
58121
68197
68669
75128
85962
2145
93846
54109
65626
6092
83134
14681
71213
88582
19774
1161
72688
90422
10252
60391
40160
33902
43111
99956
97227
94485
29758
26425
36099
95741
5236
10571
80289
73905
85699
82602
92401
79544
53062
74378
1987
36195
89058
73199
41129
8831
90712
30168
99252
963
90558
55763
34865
50020
55718
48443
60856
1827
74867
96954
97567
96454
7524
94207
86710
9574
76808
79110
89118
46221
53487
7456
98768
58896
80655
39896
67726
71366
70063
83329
88680
76972
39091
23544
43343
11160
71986
4198
12986
63204
17503
26904
59658
25026
21110
62719
34600
14269
41829
40069
60490
11667
63876
59257
70563
44530
15504
38288
32247
1918
37969
20927
95241
93411
60822
38583
4571
32808
42780
17556
12363
60282
60812
88372
1659
98273
51091
52610
28894
9271
9030
5735
20937
72906
81343
91499
33787
96846
46139
66034
15115
84107
3312
10355
93869
64133
48937
98439
13292
8068
32347
42007
84701
9510
30378
2711
7782
97820
55321
36675
7090
80702
42409
28027
69959
23751
35877
3746
36948
82015
69779
52062
82473
89442
78768
92694
53574
44056
91132
66866
52123
39830
8872
53175
49339
55601
55886
57121
53421
27558
10147
76862
8259
52556
4888
78218
92658
57117
81963
29606
55483
68093
98019
54308
57534
76787
47001
27459
20842
54484
10676
89317
94314
19547
42491
43652
91500
14728
17124
44920
42285
43623
38133
50544
96178
43021
45113
5187
16489
43427
51144
71971
11519
49163
26278
85404
42301
89630
29214
79494
44114
39890
85162
38427
59436
44005
98430
67287
58732
31906
12206
1017
75528
50339
67912
88057
9711
13024
93243
42551
56450
60739
14521
84320
26253
57151
86075
68553
46780
15288
64398
7245
55177
49560
45671
30965
9916
60453
98251
68647
92358
26809
69663
84237
93499
53926
72293
19561
66949
65535
62111
39750
42625
92983
40421
68877
66485
26495
37429
29617
58135
18179
36861
13311
84090
98884
60627
94005
59336
58878
62651
68045
2038
48666
52281
95536
2591
24573
31448
85892
6459
93558
41993
65436
2892
98766
34312
85729
25260
88093
15345
99746
6271
68557
29409
90360
67440
90035
716
43127
65264
63366
27523
83653
28383
96155
95540
47326
37079
26987
33217
59890
36896
91561
25325
39788
90326
59636
41868
31938
47728
57212
48035
53998
42120
77443
60709
25912
83830
61424
69038
65445
41142
12913
49098
69524
9067
44637
33201
46146
71624
82769
6035
8519
74330
31359
64658
81007
90994
22877
12944
55074
80088
60979
25423
38560
54773
2484
64471
38602
80259
49860
4047
21400
62772
53144
7276
88191
97780
40476
34336
85755
23245
56722
10626
13926
4432
91635
94932
11777
14512
24228
66850
10951
1558
92273
49510
56330
94756
13980
94932
91366
63840
15330
12766
42963
84825
36393
31153
98956
93220
81840
84711
32816
54913
11688
46741
59344
3322
58025
71121
34185
98604
54322
45136
161
62946
10997
72842
74053
24977
67773
65419
5168
99454
78184
64482
84278
30928
95635
83234
24147
93826
84296
56963
48739
95983
20055
24434
15656
94431
95554
49841
93034
49876
94976
9546
12821
5972
82388
3226
47300
66512
68644
68819
65966
46827
33301
66595
94106
45287
49828
18252
55464
50475
91566
4202
46457
27973
28636
62113
22403
40541
11953
31789
6768
23280
41334
35941
45603
23721
39166
9255
90233
7809
78073
56198
70987
27725
39144
65092
89363
88972
99695
44827
39446
91261
65380
2255
19233
10367
80719
57987
50908
9023
89775
74027
48654
47461
9967
94256
71181
65484
19862
61413
89644
97935
33962
60630
42011
73106
42073
31374
78429
41768
92552
34226
49380
57931
52832
84964
68298
33550
42950
35557
42572
49077
25935
91225
96537
52254
1833
84069
17737
21694
45482
7381
35980
95795
84362
77991
85252
26435
25716
80032
84554
34619
30610
33933
92549
83441
18896
77198
16991
78197
29106
75914
27273
55041
83491
40161
7294
85323
24230
41382
23368
86063
65114
59348
98209
65828
53690
83461
8614
95757
79844
93167
30375
10453
43451
39275
10246
62346
16473
43588
40542
45578
35853
84167
16970
19343
24327
40615
21017
48556
81997
60737
50970
63462
20084
49179
29289
90125
48991
37902
2233
28834
31068
32607
55639
74518
71881
82236
53215
4705
25823
10109
66635
61675
10627
83604
97370
34953
40571
34738
99861
22567
95474
67182
86028
31909
16360
31669
22033
65350
69570
24265
10536
16990
73223
82526
7859
61456
64761
61074
66160
6935
87534
49146
84961
98160
32750
82330
49464
73320
17068
65676
12238
28893
32858
14617
60802
65569
46285
99186
30919
32207
39803
57806
49196
13025
40331
57054
90832
21443
34479
56992
28377
38364
6137
13337
36523
55238
12019
2339
44909
45438
84366
73498
74330
17223
88115
35131
82792
50751
34317
30062
82957
74119
87867
32152
3495
44549
5558
94327
65991
56388
67670
10719
94752
90158
24055
47626
61748
36073
49964
6656
81510
34330
96506
72192
67904
84620
7322
67047
51722
57990
13460
34679
48460
17678
66830
68307
62226
88739
62633
44568
45127
46654
55286
39878
36811
79341
87503
98558
31765
53819
21566
29627
4500
18071
1818
88755
19042
25491
55802
70763
99833
85613
21793
48292
3291
4975
16598
81868
93713
95582
26436
38839
42235
81721
95068
95398
77413
98923
10307
9178
52741
48224
55156
73592
82646
73325
62346
18039
98815
34499
5154
98647
20112
26946
63291
23402
31920
96240
5269
41985
91822
48056
80823
50408
29777
92243
62157
7189
91165
88816
32718
60257
37039
87873
33848
36037
77549
96193
54075
76364
30692
59228
91362
67155
86174
71004
6908
18093
67244
28528
60077
75417
76584
57252
42176
6360
65846
20685
29900
57010
9500
62618
33618
62890
66842
67465
98926
44391
80009
53001
37106
27052
12228
44819
94206
14753
32175
1113
32846
15770
29641
9274
91186
6224
82877
49713
28935
65074
70397
58834
22083
96248
37803
55700
59138
20997
39516
58063
81739
19525
27415
18844
46576
39643
80014
40782
54395
12188
58246
3592
27957
87886
29218
35494
10461
28446
1559
39395
93520
88307
14581
31954
84555
52383
4006
60044
73379
43521
34458
71469
79397
61873
90312
25973
17867
86678
83106
88613
15217
41351
92205
43174
45589
37774
95019
56049
82571
96577
11796
92442
84884
26376
24396
85790
95110
44753
45833
84841
88273
80290
56309
67670
42162
62973
9994
76380
66002
93099
64993
81218
50801
73549
24391
12741
11322
35762
85142
10244
32338
96937
2686
33573
39664
27081
19362
51125
71833
65194
35965
76457
61836
8626
60478
20349
71598
86823
96729
37599
79921
61721
35168
47074
35269
75911
59814
62942
11672
61307
73185
44009
58243
75870
93934
14258
19302
13295
65383
91134
94841
17699
83943
56676
26324
44420
77024
14273
31243
73752
68223
27515
51824
3391
90940
87092
79301
67106
50033
90972
28412
23218
51332
3007
99087
45265
17264
18389
74912
98998
25874
69752
16697
26168
42779
43020
70588
36154
57293
18182
26258
25515
62048
78081
45257
69340
65173
24557
36445
31557
15528
64856
54774
83212
84214
70213
44828
1478
4953
19739
475
47178
5842
17171
73346
64972
76543
60285
1126
33835
94818
27383
75701
56865
5463
20958
26204
86987
61866
79000
18544
77394
60208
89669
76957
44421
76233
21784
62250
81185
57875
62725
28363
80068
96247
18060
45040
72789
78344
46165
22975
73161
73547
15028
46377
95361
52337
88933
98700
14202
84284
17243
7947
44491
23263
84903
5264
99496
23039
67513
80680
80913
46589
25394
60980
42836
59805
6019
31976
54500
68535
54951
44012
58433
69978
90389
70146
22314
95673
68845
52867
79956
2439
60814
40799
25701
45716
46062
25196
68754
29926
22228
66018
76515
63973
43350
19350
23778
65720
51325
94629
34255
22627
38641
92687
8956
45381
62832
47621
41053
48028
488
37360
50466
61301
94510
76167
23368
56923
17714
8474
86849
39941
74491
79715
20266
34192
15416
60395
99912
83092
55023
34166
5719
93663
43204
31026
55395
22388
78647
96447
70415
79134
50159
20881
56786
61020
13399
80153
17943
31112
88626
21143
87405
79469
17209
7670
13660
32624
84416
13571
15715
55790
64088
37785
65805
7292
68811
21199
46031
47457
17646
16445
42942
84156
37325
99727
45175
50723
96231
79469
98187
84857
16963
85591
64325
34171
9612
94336
66794
94027
24259
98861
49816
88346
36645
15620
11989
5455
36819
58019
69263
70816
74464
12204
71323
28140
28282
32849
95215
24513
12318
93401
9369
45632
95343
90045
79803
4954
732
62948
98980
24990
61808
65147
13336
98453
97119
41676
20259
50289
99695
89522
21104
90510
1725
8778
35001
46359
41626
30215
70871
70295
39967
96591
15927
35309
2987
12081
40262
3718
75028
55593
28708
53188
20740
58395
67992
34210
70
88250
84498
99764
77771
21953
6625
95848
30730
41626
42206
72355
71840
29428
59002
11807
26018
91280
63467
45356
3360
3729
49073
94739
59321
94132
64278
96412
52526
32269
30621
52596
20519
31470
68711
98289
53422
75336
10488
84151
16961
52693
72858
5152
98472
48211
33310
40841
39490
96777
86196
59201
505
51621
53939
76177
45752
18217
88941
14630
50485
35913
67225
87355
67383
52287
1996
20804
27622
12483
21307
60934
81528
10516
66086
79999
58726
99395
20840
14567
12523
23387
73767
13027
75007
44057
5556
20759
62273
94496
35388
29110
46760
18964
32816
14142
71250
34811
51298
15224
47294
88956
76157
28821
15823
42242
25171
74548
57989
46010
5466
70511
69397
79232
99890
60755
23288
21797
97865
1913
32644
49604
47374
79403
68567
80189
93545
56169
15000
61194
71392
78645
50149
63900
23817
65971
6142
48987
56870
80482
11349
78687
50992
80745
57918
67233
57851
97557
89029
55716
99469
21672
5319
63194
17427
90238
43383
27323
62758
74734
88516
34149
53378
55016
14400
77194
37338
20541
42532
10559
17374
53880
89245
84718
50976
63514
51950
8827
61070
57331
80894
76891
95354
86212
40084
12780
92801
99818
40102
55558
90903
44969
6058
60632
99984
20458
54177
53673
57350
96709
80583
74724
50588
69827
75793
1564
49692
27742
26742
27114
1424
7635
4004
96778
10198
60439
25909
2999
76609
82363
74908
67511
27331
97318
28143
43667
34127
82319
13691
7828
95379
94274
98903
45967
64100
74695
63882
30144
18789
90623
57257
36564
14609
77612
33341
24806
54402
75602
44156
31010
57964
35416
14873
85294
49085
59367
45312
83211
58037
59003
7390
53416
53276
6293
15734
33727
97339
79615
63870
16127
86589
37478
69043
1197
15089
2383
42354
69491
94336
86510
16852
52299
21925
31724
53945
71009
7442
99256
70571
65479
74610
77960
18894
27885
604
34627
77964
97943
30593
41833
30421
33533
79311
99463
51081
10751
18198
93434
80241
12533
79943
97093
81184
18219
45168
35128
5579
52610
50735
92501
18088
25345
70461
53333
53229
87416
4311
31192
1710
51255
89377
32131
84787
85039
47945
35867
95789
82494
45652
92382
11379
25595
5826
92562
60165
50993
27689
65744
19954
94775
58244
54393
20119
45056
24077
89700
48824
28387
37243
50533
95993
42971
82663
80779
28009
46960
32997
40150
29453
78649
32531
40831
20595
38356
49744
80759
5700
77432
62854
42006
72207
37450
96398
8677
98857
20475
98376
47680
65213
35619
98213
61206
94941
97227
58336
22950
60538
91333
63099
6343
86333
11981
47173
6927
66688
13269
4037
72387
7052
83243
30744
79258
20692
27142
4287
35900
63968
2662
83580
29180
54632
98144
6737
49573
95370
65073
88874
55908
72757
68324
78602
59089
80304
42126
82367
46991
55394
86403
35729
62446
69645
66473
58055
6688
9966
62341
58940
90285
81355
42519
35816
52338
57014
42553
18262
52383
23977
7135
24642
96733
75458
3243
55821
72113
45369
54539
35455
17114
40941
71184
79559
26938
54008
37614
49977
80325
99954
8916
70609
97660
67786
6424
49998
24799
48976
68259
93534
89304
91746
34527
86036
83555
54122
58208
55668
15842
12746
91122
32955
70039
78657
12514
13328
49016
50127
63304
29340
66432
88572
99948
64092
56357
6372
14089
97508
71699
98699
91041
61003
90444
25567
63390
90351
79688
21598
46018
95529
50695
53491
28484
20733
48500
57349
34060
97515
7475
13716
26855
73906
18639
43154
54349
74995
65877
84789
88854
37576
83488
79894
14930
90283
21813
78319
80633
1500
16268
43002
13381
66963
96493
58216
4047
61344
15564
54459
58858
39390
68174
2064
29647
3164
61570
83996
94510
27446
68784
83364
81373
52271
63257
96302
42554
85069
90973
39538
2921
7240
82540
32653
90554
95384
90868
94601
56727
6431
49059
31936
45820
33584
50352
75466
36747
11921
75813
31256
39366
44597
14619
20739
13219
94228
33392
72124
95648
24364
11662
98568
31604
94201
31220
22157
89584
38439
33109
62662
61221
82167
94597
23392
15750
44948
15210
68848
73220
91022
104
12586
51970
31074
49676
65189
25301
83067
37312
20949
7431
65325
35868
55386
75877
83440
93894
65460
21878
27003
44473
83099
25521
39070
6490
57623
369
38051
26470
73589
29073
42925
2526
81042
90351
52201
62582
32003
51619
99894
69303
75401
81570
5171
47138
57447
4962
41032
39258
26839
84386
83731
26289
26258
22800
49131
83880
39520
87181
26702
13108
16253
85978
31985
13647
76328
84185
76228
8331
52156
92473
93985
27556
74043
99155
74694
31489
20468
32077
70746
47307
32814
70828
73595
59071
93627
39077
59303
49499
26258
86004
62606
58862
71981
94591
72508
64661
95127
48736
72991
63634
57560
83327
7542
31602
82482
82235
79442
2949
30663
66540
66607
79828
37367
56554
38898
47346
95630
98200
96844
38239
555
75801
97101
72536
86743
85960
37196
98222
51047
26538
61855
8607
9864
69396
56560
8697
67982
36002
27998
14996
18893
10956
94823
56259
67509
50073
19956
79491
64624
16799
17729
65179
8952
31181
37714
95694
17141
91261
93915
68187
34150
72122
76793
44013
57869
33353
69062
42203
85706
97059
57198
4598
8014
68373
77208
91875
34797
97164
71365
99420
30314
5445
64598
39265
36626
18663
51311
70118
26275
61577
38304
60424
33698
31449
20789
7919
81153
89850
50121
66858
86908
23670
87807
11273
8394
65014
19499
43190
78529
7215
42610
8843
12660
23559
64459
65637
42222
15769
52106
68496
77346
90409
45272
27395
38209
66060
35313
19361
55909
1785
2570
59168
25455
90376
86792
33848
71742
6291
77038
50270
13505
19647
75464
42516
43205
39923
24504
1778
55691
76609
86626
33036
83370
31897
60431
21578
97956
12095
57291
70216
13880
59860
29383
39334
66588
16174
89533
54681
38816
66570
21302
52321
2568
96766
11188
62125
36688
52044
80254
8730
45004
66879
58118
28373
15127
18548
66303
13082
46994
39945
83297
60873
16156
29031
16558
82743
61557
6091
53775
372
89012
75077
69044
91580
71842
96584
70056
24881
48627
50309
33610
93630
17188
8079
38355
32314
42978
21009
61748
89972
60953
61396
50844
77108
6779
67402
59851
68335
89844
29977
68706
78855
5053
54102
70434
93246
50685
56841
18126
99311
7150
68088
9292
40689
76166
47646
89354
19144
68654
67453
25467
29606
28849
76310
23066
51979
60063
99268
20313
49906
29244
5370
45113
34297
59471
15546
27542
10155
88739
62020
25817
95888
30107
51461
52928
22624
15458
42281
58119
464
9734
83585
30069
54934
76247
69486
6912
36309
68753
43576
2567
97997
48945
47679
32293
24768
79576
76186
51274
68314
38205
93443
80553
84663
44903
33480
23639
60360
92113
81757
60823
18198
81694
7244
73131
57940
76729
96394
10600
61834
39969
29518
59830
5265
93548
8474
46384
89476
84659
97658
74141
39216
91100
54694
23878
52354
4525
63868
12713
12989
61977
89888
31186
43670
97131
20668
17961
90211
17061
44912
52044
73381
90782
28225
94998
84329
36698
41381
90156
37709
39038
64297
76924
46489
35342
17153
98842
39866
81021
11555
52855
42997
17794
392
3018
31276
21060
37330
37838
38120
98593
89882
27853
89374
34458
22850
90055
71156
64230
80210
8864
19620
44506
2139
66108
79847
19291
64950
36065
16663
92856
5271
76011
27001
5662
79028
58276
26721
32709
96113
81193
31302
2346
9045
37027
36804
31894
27081
24311
12475
7291
33174
48446
68148
35312
14554
64347
70954
95855
411
87617
5062
22033
63627
48414
27694
59007
6689
70767
91715
19153
51959
39368
21499
61003
76395
74654
9248
19827
98964
38074
43469
48489
86520
11617
152
17425
92315
71105
29631
92725
75073
51044
31109
38700
99457
58802
14058
6145
29568
22124
41649
97878
77844
63147
58880
54238
54152
84479
74064
69467
22553
33885
17955
9072
45501
34458
42848
37815
21915
72478
46891
96987
23521
77999
52038
22977
53152
82447
45473
99072
4571
87121
96949
82414
66620
72181
53003
20771
56659
43418
90238
79211
77302
24544
4634
39154
75354
47481
93320
97268
19958
56562
10606
43478
34560
62644
66454
4064
61442
11926
19487
66012
15399
16435
64777
82018
88615
17779
2788
61626
61197
9377
40836
54850
50273
45470
94004
25626
92950
87323
39245
12908
43885
49850
72737
94796
28845
55543
15211
90287
83820
34697
72650
99218
67484
37427
81235
72450
55205
375
34075
32753
9751
74911
3955
76375
36732
97958
18352
29681
1632
57596
58940
61868
23798
48029
73016
52642
3571
88226
59280
87390
39275
31930
2960
6758
85708
84194
95559
57264
920
29634
90017
27023
20896
93971
3397
57627
8280
21749
3659
9911
95696
78951
88131
19493
26979
61146
88487
46901
49371
64118
50642
4997
96047
53601
28106
98106
54147
23665
55370
55066
53298
61738
82088
90545
55708
85485
48171
80339
23585
68181
6601
19280
63483
94731
55125
90461
55876
43611
53713
21599
7728
4355
42947
20127
74307
71053
18232
28453
94717
73601
99871
64366
51690
81958
54910
7397
83794
19432
4087
23730
3964
10688
43010
67447
21770
98134
74259
93998
58096
27972
31948
82175
48678
74894
2301
22984
45946
36885
51437
57014
26837
67659
21379
78527
49616
76288
2275
49762
95719
6362
73491
99683
33401
32852
83481
55170
47337
57739
65519
21784
85710
97466
3959
34387
72360
6259
57371
34657
43143
25159
91671
69980
92817
13049
64858
58784
89337
67132
24897
1407
89845
14740
17441
23245
63943
921
94767
11280
58660
60285
33063
60721
57751
53373
11460
46462
59632
68830
81118
19126
10340
72788
5457
19508
2189
70314
94643
7877
53798
19540
9283
43642
34279
43076
66887
98221
43996
61653
25852
19007
21937
75267
96080
96039
28639
7539
42500
4622
92720
23618
23748
3059
12757
45556
38918
14945
15870
33560
22821
86019
69451
48456
29660
20081
91531
96546
18302
51878
74550
60505
87237
12839
52123
83316
8877
80762
90854
51377
85383
83573
74994
25482
2983
87750
71038
41900
19047
3259
91811
41867
89277
61262
90322
18936
81342
98204
31834
15995
66434
6383
92852
53670
19221
44974
53337
44450
25735
60542
95826
27470
44114
70819
52951
63448
74920
40340
21699
93966
43598
13509
52185
32874
91122
58858
68162
72464
57062
99995
4810
23495
22729
97661
93516
41950
58987
46852
2751
84721
23745
98576
28542
67858
85746
81493
47657
60665
21832
69355
70983
81782
82863
23167
14655
90337
98376
82816
79152
55437
99162
83961
95283
21891
97974
5150
80192
56960
68353
82942
58032
92097
81517
86574
76306
67262
84418
23962
44278
22601
93316
31612
4382
92531
71130
35389
82867
69506
18204
78370
24942
33718
78682
36577
55608
76655
41726
35799
49966
26431
18740
24350
18527
16608
27275
94833
83869
28044
35146
44498
50644
28462
76110
71378
37344
47239
6766
36562
16744
41321
14931
58038
75038
93612
94614
30645
86619
52691
82795
52936
79121
1534
77285
14000
18141
4559
25184
18361
48954
60329
62859
99598
5142
55320
87327
42485
2558
94092
95398
35654
51764
10328
93691
26802
20292
88304
73798
6910
57346
72945
76197
52819
74478
53482
66818
8971
74392
8353
43683
23346
68681
22893
39295
73823
78212
26621
32659
97122
37064
44409
32775
88827
71088
26465
31980
91379
31120
22130
14640
4817
95074
90837
57635
69551
60670
40804
94873
35061
49156
54908
74758
34189
77800
14052
8011
72364
57024
57021
69485
94087
1429
2259
82914
88869
45075
14893
80247
76194
53374
11239
81010
48447
2075
54997
34350
