49981
49979
49979
49973
49965
49959
49939
49931
49907
49906
49898
49888
49884
49882
49878
49875
49859
49857
49849
49848
49847
49840
49834
49834
49831
49814
49810
49802
49791
49774
49770
49768
49762
49760
49754
49752
49748
49740
49732
49728
49726
49716
49716
49713
49706
49701
49700
49687
49685
49640
49639
49621
49618
49617
49615
49594
49589
49568
49567
49559
49546
49543
49536
49535
49529
49522
49519
49515
49506
49504
49490
49485
49479
49470
49469
49469
49440
49428
49403
49390
49390
49382
49372
49347
49339
49327
49316
49308
49306
49303
49301
49282
49260
49256
49250
49247
49240
49205
49185
49179
49178
49164
49164
49142
49129
49116
49112
49097
49077
49076
49070
49058
49039
49033
49027
49019
49011
49008
49008
48998
48982
48957
48950
48938
48932
48930
48930
48926
48911
48892
48889
48883
48879
48848
48824
48821
48818
48817
48813
48811
48806
48783
48777
48771
48753
48736
48726
48701
48677
48675
48672
48663
48657
48635
48633
48630
48623
48621
48616
48607
48600
48597
48592
48589
48576
48568
48558
48549
48546
48542
48531
48515
48482
48481
48481
48472
48462
48462
48456
48456
48444
48426
48416
48410
48408
48390
48369
48364
48340
48318
48314
48294
48289
48263
48262
48262
48257
48254
48242
48242
48238
48234
48218
48211
48210
48203
48198
48190
48180
48176
48143
48138
48129
48126
48097
48084
48071
48068
48056
48052
48035
48013
48007
47997
47986
47984
47982
47969
47947
47941
47937
47935
47915
47902
47889
47883
47870
47858
47855
47802
47793
47786
47765
47763
47746
47737
47710
47658
47649
47645
47642
47614
47611
47607
47587
47585
47584
47564
47563
47537
47531
47513
47497
47480
47479
47469
47468
47436
47430
47404
47388
47377
47364
47361
47355
47354
47351
47334
47298
47292
47249
47247
47236
47236
47227
47225
47216
47193
47192
47186
47178
47168
47163
47135
47131
47122
47115
47105
47100
47099
47091
47083
47082
47078
47075
47062
47018
47017
47014
46993
46990
46981
46975
46974
46964
46948
46922
46912
46875
46841
46829
46827
46825
46819
46812
46807
46797
46777
46777
46775
46770
46770
46754
46754
46725
46725
46680
46630
46622
46602
46599
46578
46578
46572
46568
46563
46547
46534
46527
46520
46518
46513
46504
46500
46489
46482
46478
46474
46474
46467
46447
46425
46399
46397
46387
46376
46375
46368
46342
46335
46317
46315
46314
46303
46296
46287
46281
46274
46274
46272
46263
46259
46253
46250
46224
46223
46215
46209
46199
46198
46197
46163
46158
46150
46143
46118
46114
46097
46080
46065
46005
45990
45985
45979
45967
45950
45945
45945
45944
45941
45906
45903
45895
45878
45873
45869
45864
45861
45855
45816
45806
45805
45791
45786
45752
45737
45735
45704
45703
45700
45699
45686
45669
45668
45661
45659
45654
45654
45651
45648
45619
45616
45616
45608
45601
45601
45582
45582
45568
45560
45517
45508
45504
45491
45483
45476
45475
45470
45454
45450
45448
45447
45429
45429
45427
45421
45381
45360
45347
45324
45322
45297
45296
45296
45290
45278
45266
45263
45259
45257
45244
45244
45234
45193
45176
45174
45163
45162
45160
45159
45153
45139
45129
45125
45125
45116
45115
45105
45101
45100
45099
45095
45045
45045
45037
44989
44986
44986
44968
44967
44963
44963
44944
44943
44932
44927
44927
44918
44908
44908
44892
44869
44863
44859
44849
44843
44840
44827
44824
44806
44800
44798
44786
44785
44779
44769
44757
44738
44719
44710
44709
44700
44697
44681
44663
44663
44662
44656
44652
44650
44645
44641
44639
44634
44632
44631
44614
44602
44584
44581
44568
44565
44543
44539
44534
44520
44516
44516
44516
44488
44468
44444
44443
44431
44425
44423
44418
44416
44408
44404
44403
44390
44374
44360
44343
44343
44323
44320
44307
44283
44263
44256
44256
44241
44221
44213
44206
44200
44196
44182
44177
44171
44170
44169
44159
44146
44145
44143
44142
44141
44120
44118
44112
44106
44098
44094
44083
44080
44070
44043
44038
44022
44017
44015
43991
43981
43968
43968
43965
43963
43952
43950
43937
43934
43922
43918
43916
43890
43890
43881
43866
43863
43853
43849
43779
43773
43763
43743
43740
43723
43712
43705
43689
43681
43657
43651
43619
43602
43601
43598
43586
43578
43567
43555
43544
43544
43541
43534
43533
43526
43523
43500
43496
43482
43479
43467
43461
43459
43435
43426
43425
43412
43396
43389
43379
43374
43371
43365
43352
43349
43332
43307
43299
43298
43291
43275
43265
43259
43254
43251
43251
43246
43244
43224
43223
43208
43198
43195
43195
43181
43179
43170
43163
43163
43124
43115
43114
43104
43086
43068
43060
43052
43046
43042
43040
43018
43005
43004
43004
42999
42996
42983
42968
42965
42950
42948
42947
42918
42910
42908
42890
42876
42860
42850
42848
42840
42831
42830
42829
42829
42817
42808
42783
42776
42762
42759
42732
42718
42703
42700
42679
42679
42657
42632
42630
42621
42612
42607
42603
42578
42566
42561
42552
42547
42540
42540
42534
42531
42527
42514
42510
42498
42496
42496
42483
42477
42465
42462
42462
42453
42452
42437
42415
42415
42393
42389
42370
42361
42335
42335
42334
42310
42306
42305
42298
42285
42275
42273
42272
42270
42239
42236
42223
42218
42214
42196
42179
42155
42154
42151
42142
42139
42135
42112
42105
42096
42083
42077
42067
42066
42039
42035
42034
42010
42008
41977
41973
41956
41954
41951
41950
41941
41937
41931
41910
41899
41897
41892
41884
41882
41882
41860
41838
41837
41829
41816
41802
41801
41795
41778
41773
41770
41768
41768
41750
41749
41745
41738
41718
41713
41712
41707
41701
41693
41659
41645
41617
41596
41591
41582
41570
41568
41554
41549
41534
41531
41522
41513
41496
41493
41491
41489
41468
41468
41453
41449
41445
41442
41434
41430
41430
41423
41414
41398
41392
41391
41384
41374
41351
41340
41310
41301
41293
41293
41280
41269
41252
41243
41236
41236
41217
41214
41200
41178
41173
41171
41169
41164
41160
41155
41137
41127
41121
41117
41099
41090
41075
41071
41063
41057
41055
41039
41022
41022
41003
40999
40998
40962
40908
40905
40886
40881
40859
40817
40812
40805
40802
40764
40752
40736
40722
40719
40719
40709
40705
40691
40686
40679
40679
40630
40622
40606
40602
40601
40600
40595
40586
40571
40569
40559
40543
40521
40518
40506
40484
40484
40465
40464
40454
40426
40406
40402
40394
40357
40347
40302
40301
40264
40257
40253
40243
40234
40233
40233
40232
40229
40224
40218
40196
40196
40194
40193
40182
40161
40160
40155
40152
40151
40139
40133
40121
40118
40097
40083
40080
40068
40061
40059
40059
40055
40054
40050
40033
40021
40011
40008
40001
39979
39971
39970
39965
39957
39943
39928
39928
39926
39903
39897
39896
39878
39869
39868
39868
39847
39842
39835
39832
39820
39809
39805
39803
39796
39790
39787
39777
39773
39758
39726
39720
39710
39703
39665
39665
39663
39657
39651
39622
39618
39597
39594
39594
39590
39578
39565
39563
39557
39555
39547
39523
39515
39511
39469
39440
39434
39427
39415
39410
39407
39405
39402
39397
39395
39394
39385
39378
39338
39333
39326
39318
39315
39307
39284
39278
39258
39243
39236
39204
39203
39198
39176
39167
39163
39160
39147
39144
39139
39138
39130
39110
39081
39079
39055
39045
39034
39011
39010
39006
38981
38977
38961
38953
38945
38935
38932
38924
38920
38901
38895
38895
38893
38874
38871
38864
38857
38834
38824
38822
38821
38815
38784
38758
38757
38747
38728
38722
38720
38716
38707
38700
38680
38665
38660
38649
38637
38608
38603
38576
38558
38551
38536
38531
38527
38488
38488
38487
38481
38464
38462
38454
38429
38428
38424
38421
38416
38392
38391
38350
38346
38345
38344
38335
38335
38316
38315
38309
38301
38291
38285
38274
38250
38241
38234
38231
38211
38178
38165
38160
38142
38134
38126
38118
38114
38114
38111
38104
38095
38090
38078
38076
38035
38004
38002
37986
37969
37931
37911
37908
37902
37898
37892
37889
37867
37857
37852
37844
37817
37791
37788
37784
37780
37779
37765
37757
37756
37752
37741
37739
37729
37710
37706
37694
37694
37683
37683
37677
37643
37639
37639
37638
37634
37612
37611
37609
37591
37588
37574
37566
37562
37550
37540
37539
37513
37511
37497
37496
37467
37467
37451
37438
37409
37378
37378
37371
37363
37349
37323
37314
37295
37292
37286
37283
37279
37270
37269
37268
37243
37206
37199
37198
37190
37177
37175
37152
37149
37138
37137
37136
37120
37105
37098
37073
37067
37047
37033
37008
37007
36987
36976
36971
36966
36960
36952
36937
36924
36922
36914
36883
36876
36861
36841
36807
36806
36800
36783
36777
36773
36767
36756
36745
36745
36732
36725
36721
36717
36712
36711
36690
36685
36672
36672
36662
36661
36648
36645
36642
36632
36624
36622
36619
36612
36592
36574
36545
36528
36509
36507
36500
36495
36491
36444
36443
36439
36438
36433
36428
36427
36426
36407
36394
36394
36392
36385
36373
36370
36349
36334
36327
36312
36298
36287
36286
36283
36266
36255
36249
36246
36245
36237
36195
36175
36166
36164
36153
36100
36089
36086
36043
36032
36028
35985
35982
35981
35966
35964
35949
35935
35931
35915
35908
35906
35899
35897
35890
35877
35877
35872
35863
35861
35854
35847
35834
35826
35820
35817
35794
35783
35766
35741
35735
35732
35724
35717
35706
35694
35691
35689
35669
35668
35657
35648
35636
35628
35627
35592
35591
35588
35582
35578
35575
35571
35568
35564
35546
35539
35522
35514
35503
35498
35481
35480
35459
35450
35450
35448
35437
35433
35430
35412
35411
35409
35387
35384
35381
35355
35348
35341
35336
35330
35324
35318
35315
35289
35281
35275
35242
35240
35240
35238
35233
35230
35223
35222
35217
35196
35193
35177
35172
35156
35152
35144
35121
35103
35103
35087
35077
35076
35064
35058
35047
35031
35023
34995
34989
34987
34975
34973
34970
34959
34957
34943
34940
34927
34922
34918
34909
34904
34899
34879
34876
34865
34858
34852
34827
34818
34818
34815
34808
34806
34804
34791
34782
34781
34779
34778
34774
34764
34762
34758
34748
34745
34732
34731
34729
34728
34714
34709
34699
34697
34695
34694
34680
34677
34670
34610
34603
34600
34589
34576
34572
34559
34543
34541
34526
34513
34497
34475
34462
34461
34459
34456
34416
34372
34371
34362
34358
34348
34314
34311
34304
34272
34272
34259
34236
34236
34232
34211
34210
34201
34197
34189
34186
34182
34180
34176
34170
34142
34131
34114
34110
34093
34085
34071
34055
34049
34034
34030
34015
34015
33993
33992
33987
33941
33938
33934
33930
33924
33918
33895
33884
33883
33883
33873
33861
33825
33825
33809
33790
33786
33774
33772
33764
33751
33749
33733
33723
33721
33721
33719
33718
33709
33698
33691
33687
33685
33682
33682
33655
33629
33615
33611
33602
33590
33581
33578
33552
33538
33532
33524
33516
33508
33507
33500
33497
33490
33489
33474
33454
33437
33437
33429
33424
33411
33403
33394
33392
33388
33380
33379
33368
33341
33335
33329
33323
33272
33270
33247
33241
33237
33217
33215
33182
33150
33144
33128
33127
33127
33104
33101
33099
33093
33085
33078
33078
33064
33064
33060
33049
33037
33016
32985
32984
32983
32954
32936
32927
32923
32915
32891
32881
32874
32871
32868
32861
32861
32859
32858
32856
32833
32831
32824
32819
32816
32816
32800
32799
32796
32784
32777
32770
32770
32763
32743
32724
32723
32721
32714
32708
32705
32695
32691
32689
32683
32677
32670
32647
32636
32629
32611
32611
32609
32603
32598
32591
32586
32567
32561
32559
32556
32551
32547
32545
32544
32533
32519
32506
32485
32476
32476
32473
32467
32463
32444
32444
32420
32409
32402
32385
32373
32372
32369
32352
32347
32320
32303
32303
32293
32264
32253
32242
32236
32229
32225
32222
32219
32207
32199
32179
32177
32147
32144
32125
32120
32106
32099
32087
32063
32058
32023
32019
32014
32004
31998
31996
31993
31987
31986
31985
31978
31942
31925
31900
31863
31859
31857
31845
31840
31828
31821
31820
31816
31808
31803
31786
31782
31770
31770
31767
31766
31766
31751
31739
31737
31728
31703
31690
31678
31661
31640
31594
31593
31592
31586
31581
31579
31574
31566
31546
31546
31544
31535
31526
31520
31502
31488
31472
31464
31453
31412
31406
31393
31391
31391
31381
31380
31364
31357
31348
31347
31343
31340
31333
31331
31331
31312
31303
31299
31289
31278
31272
31266
31265
31250
31234
31226
31224
31215
31212
31199
31198
31184
31162
31135
31118
31089
31075
31056
31055
31053
31042
31039
31030
31025
31015
31007
30990
30978
30948
30940
30940
30936
30884
30882
30874
30845
30829
30813
30811
30809
30799
30790
30763
30762
30760
30759
30757
30731
30730
30728
30728
30678
30668
30660
30659
30645
30613
30600
30593
30589
30548
30521
30498
30488
30481
30465
30464
30457
30455
30447
30427
30416
30402
30398
30377
30371
30364
30359
30346
30346
30346
30344
30333
30333
30321
30308
30307
30288
30277
30275
30264
30262
30259
30253
30253
30239
30221
30214
30203
30199
30189
30187
30177
30176
30163
30163
30077
30074
30074
30054
30046
30021
30003
29983
29976
29975
29965
29934
29928
29904
29887
29880
29877
29858
29857
29835
29832
29820
29819
29815
29808
29797
29796
29796
29783
29780
29776
29774
29764
29758
29757
29734
29732
29728
29714
29683
29683
29673
29656
29643
29631
29617
29603
29599
29593
29588
29584
29577
29572
29562
29542
29536
29524
29520
29519
29515
29509
29490
29469
29464
29461
29440
29427
29401
29368
29364
29356
29346
29323
29314
29312
29309
29305
29257
29245
29238
29221
29217
29209
29209
29203
29180
29173
29172
29166
29156
29149
29142
29123
29101
29100
29097
29088
29087
29085
29075
29045
29044
29044
29033
29027
29026
29023
29019
29001
29000
28984
28981
28968
28962
28953
28935
28929
28926
28926
28913
28905
28900
28871
28867
28865
28862
28842
28836
28834
28810
28782
28766
28752
28715
28712
28699
28676
28639
28635
28630
28617
28614
28588
28583
28575
28571
28570
28569
28559
28559
28526
28526
28521
28516
28510
28508
28492
28483
28482
28477
28471
28467
28455
28448
28442
28441
28441
28440
28422
28390
28382
28354
28352
28351
28348
28344
28331
28319
28317
28299
28261
28252
28250
28248
28247
28235
28234
28233
28229
28214
28208
28202
28181
28176
28154
28136
28106
28092
28087
28085
28074
28064
28063
28062
28061
28056
28053
28049
28030
28021
28016
27995
27988
27986
27983
27960
27943
27908
27907
27901
27887
27882
27877
27868
27863
27863
27861
27858
27843
27838
27813
27802
27772
27762
27759
27755
27752
27736
27734
27734
27731
27731
27722
27710
27710
27704
27702
27694
27687
27677
27667
27655
27633
27624
27617
27602
27600
27586
27581
27580
27532
27504
27501
27494
27493
27488
27474
27470
27465
27444
27443
27405
27400
27389
27380
27342
27335
27321
27292
27284
27264
27248
27236
27222
27216
27212
27211
27204
27202
27187
27156
27148
27138
27130
27122
27119
27108
27104
27102
27086
27086
27058
27053
27050
27041
26999
26987
26977
26977
26962
26961
26958
26955
26913
26912
26911
26899
26892
26886
26859
26847
26824
26808
26796
26795
26784
26780
26776
26759
26751
26741
26722
26712
26704
26696
26695
26677
26673
26665
26655
26651
26638
26636
26631
26623
26623
26616
26612
26608
26546
26545
26544
26525
26524
26517
26511
26504
26488
26478
26476
26471
26468
26425
26422
26405
26395
26395
26391
26382
26378
26358
26357
26346
26319
26318
26318
26313
26312
26310
26308
26306
26303
26297
26276
26276
26270
26255
26246
26242
26215
26215
26214
26200
26196
26187
26185
26185
26182
26167
26160
26150
26137
26129
26119
26114
26103
26102
26092
26084
26065
26056
26035
26019
25957
25957
25951
25944
25939
25919
25899
25895
25892
25877
25869
25845
25836
25811
25788
25779
25764
25749
25744
25737
25733
25729
25726
25725
25713
25713
25711
25711
25709
25705
25704
25690
25688
25664
25652
25642
25622
25615
25613
25606
25599
25545
25541
25541
25540
25540
25539
25535
25531
25530
25527
25517
25498
25496
25477
25459
25450
25428
25404
25403
25399
25397
25388
25369
25367
25364
25352
25348
25305
25297
25286
25271
25238
25227
25189
25184
25177
25159
25149
25139
25135
25133
25118
25110
25106
25091
25084
25080
25078
25059
25037
25037
25035
25017
25006
24996
24991
24961
24946
24933
24913
24911
24905
24873
24868
24862
24838
24835
24833
24826
24819
24814
24797
24770
24763
24752
24747
24726
24726
24718
24715
24707
24706
24689
24665
24661
24655
24652
24652
24649
24642
24620
24599
24590
24587
24578
24568
24567
24554
24548
24536
24528
24517
24509
24503
24496
24488
24475
24475
24474
24456
24439
24435
24433
24412
24403
24401
24394
24379
24378
24378
24375
24356
24343
24319
24318
24318
24306
24296
24294
24282
24265
24261
24226
24217
24209
24197
24197
24196
24190
24186
24169
24144
24139
24136
24135
24135
24110
24097
24085
24084
24084
24055
24047
24040
24025
24024
24021
24007
23998
23977
23960
23902
23893
23886
23882
23881
23881
23880
23877
23871
23870
23867
23856
23856
23850
23841
23838
23828
23822
23803
23799
23776
23773
23765
23742
23739
23733
23676
23645
23645
23639
23633
23604
23602
23589
23585
23509
23506
23503
23497
23488
23457
23437
23434
23423
23421
23416
23403
23403
23392
23369
23355
23318
23316
23298
23270
23260
23257
23201
23197
23197
23196
23184
23180
23156
23152
23144
23132
23108
23099
23092
23090
23085
23085
23084
23068
23061
23056
23054
23042
23039
23033
23029
23026
23017
23016
22999
22992
22991
22975
22969
22957
22947
22946
22938
22934
22929
22920
22908
22905
22900
22897
22892
22890
22886
22884
22882
22879
22876
22872
22859
22844
22844
22824
22823
22820
22810
22797
22794
22791
22788
22785
22783
22776
22771
22771
22770
22766
22742
22738
22726
22700
22675
22662
22652
22634
22623
22620
22588
22585
22580
22568
22558
22554
22547
22532
22519
22498
22491
22490
22488
22473
22459
22453
22446
22420
22412
22403
22396
22357
22356
22345
22330
22321
22316
22299
22283
22271
22269
22258
22252
22244
22214
22189
22179
22178
22159
22159
22145
22138
22115
22113
22085
22060
22054
22043
22040
22017
22017
22016
21988
21988
21971
21963
21954
21919
21918
21907
21901
21869
21854
21853
21850
21829
21829
21819
21796
21777
21774
21763
21763
21752
21745
21725
21717
21712
21701
21692
21679
21678
21671
21659
21655
21655
21646
21616
21610
21590
21579
21578
21576
21562
21558
21552
21534
21523
21511
21510
21510
21504
21501
21494
21459
21457
21452
21448
21424
21421
21407
21382
21367
21352
21311
21307
21305
21302
21302
21293
21288
21277
21266
21262
21259
21258
21257
21243
21182
21181
21172
21162
21154
21145
21144
21138
21112
21105
21096
21091
21090
21089
21080
21064
21050
21047
21016
20990
20968
20959
20948
20947
20947
20940
20939
20936
20933
20886
20867
20862
20845
20809
20809
20806
20806
20805
20800
20799
20777
20770
20767
20766
20765
20757
20755
20739
20732
20731
20728
20723
20713
20700
20699
20661
20640
20634
20614
20601
20576
20569
20564
20545
20510
20443
20438
20436
20436
20431
20418
20412
20401
20389
20385
20379
20366
20365
20356
20351
20323
20313
20304
20260
20254
20230
20215
20210
20208
20178
20177
20177
20173
20147
20141
20137
20129
20104
20101
20096
20070
20041
20033
20030
20029
19990
19989
19974
19952
19951
19919
19912
19842
19823
19789
19772
19766
19740
19738
19736
19722
19718
19698
19673
19666
19659
19658
19648
19639
19637
19623
19609
19607
19595
19587
19558
19535
19532
19529
19524
19515
19498
19491
19483
19471
19470
19435
19432
19431
19402
19391
19391
19369
19349
19345
19328
19312
19302
19299
19272
19263
19234
19225
19212
19190
19168
19153
19098
19098
19088
19078
19065
19065
19063
19061
19052
19050
19044
19040
19029
19024
19021
18954
18936
18925
18923
18893
18887
18872
18869
18866
18861
18854
18838
18828
18827
18807
18799
18796
18789
18788
18768
18760
18759
18756
18754
18742
18741
18722
18722
18719
18702
18694
18690
18689
18669
18647
18643
18643
18639
18611
18603
18595
18573
18565
18564
18556
18555
18542
18516
18513
18484
18462
18439
18430
18412
18412
18410
18389
18378
18363
18360
18354
18341
18341
18338
18312
18300
18289
18280
18268
18262
18242
18225
18216
18214
18212
18199
18189
18189
18175
18173
18155
18135
18131
18125
18122
18118
18087
18087
18069
18060
18056
18046
18032
18015
18004
17968
17967
17955
17954
17951
17913
17902
17884
17863
17850
17833
17831
17826
17825
17817
17808
17806
17794
17786
17760
17747
17702
17699
17691
17690
17685
17682
17674
17658
17645
17644
17640
17636
17634
17609
17601
17596
17595
17589
17588
17578
17576
17569
17569
17568
17565
17547
17519
17517
17502
17502
17491
17471
17460
17458
17444
17433
17417
17394
17380
17369
17365
17353
17340
17317
17310
17303
17301
17298
17292
17273
17267
17256
17236
17228
17224
17222
17221
17213
17213
17199
17197
17181
17170
17169
17161
17139
17139
17125
17121
17112
17109
17106
17083
17082
17062
17040
17032
17023
17022
17021
17009
16988
16985
16980
16976
16964
16949
16939
16932
16919
16916
16902
16900
16895
16894
16877
16871
16871
16868
16852
16843
16808
16794
16793
16782
16777
16773
16768
16753
16736
16704
16695
16692
16690
16687
16672
16670
16669
16662
16656
16644
16636
16622
16618
16611
16596
16589
16588
16576
16573
16557
16543
16534
16534
16531
16521
16508
16499
16497
16478
16450
16449
16429
16425
16424
16423
16416
16396
16396
16392
16372
16357
16354
16352
16351
16343
16337
16324
16315
16307
16303
16297
16293
16290
16282
16268
16261
16253
16234
16229
16219
16206
16203
16188
16185
16169
16158
16156
16133
16123
16076
16068
16051
16041
16039
16036
16034
16031
16026
16019
16015
16015
16003
15998
15998
15984
15955
15939
15938
15933
15932
15929
15928
15927
15921
15921
15918
15912
15908
15899
15873
15856
15850
15836
15828
15804
15754
15747
15744
15727
15727
15707
15700
15699
15696
15692
15684
15676
15673
15662
15651
15630
15622
15621
15611
15605
15604
15595
15584
15579
15573
15570
15557
15540
15539
15526
15525
15515
15500
15490
15490
15474
15460
15432
15425
15413
15413
15411
15399
15395
15376
15374
15373
15368
15339
15330
15312
15292
15289
15288
15280
15271
15271
15260
15255
15245
15211
15205
15204
15202
15202
15197
15181
15179
15153
15145
15141
15138
15131
15129
15108
15095
15093
15084
15077
15069
15059
15047
15041
15025
15023
15021
15007
14998
14971
14970
14964
14963
14960
14959
14956
14956
14952
14939
14939
14937
14936
14935
14909
14905
14891
14889
14885
14863
14853
14846
14813
14802
14801
14796
14787
14779
14777
14768
14766
14734
14725
14724
14720
14700
14700
14700
14682
14663
14659
14639
14624
14617
14597
14591
14582
14578
14575
14573
14553
14551
14542
14495
14469
14466
14461
14452
14447
14440
14433
14387
14375
14363
14354
14350
14328
14327
14319
14317
14312
14279
14272
14271
14238
14214
14207
14164
14151
14146
14097
14095
14072
14062
14062
14055
14044
14040
14028
14025
14022
14012
14011
13996
13976
13946
13944
13935
13934
13934
13932
13926
13902
13892
13889
13872
13860
13857
13854
13846
13840
13835
13832
13826
13814
13813
13811
13805
13792
13782
13780
13770
13753
13741
13737
13729
13729
13704
13700
13695
13679
13678
13668
13605
13600
13598
13578
13560
13549
13514
13506
13505
13503
13498
13455
13425
13425
13397
13395
13368
13364
13355
13354
13342
13327
13327
13327
13317
13310
13291
13287
13273
13273
13266
13264
13239
13229
13224
13222
13219
13204
13181
13178
13171
13170
13159
13147
13147
13130
13128
13113
13111
13107
13105
13091
13089
13078
13053
13052
13045
13042
13041
13023
13014
12997
12983
12968
12963
12950
12947
12946
12944
12919
12911
12868
12856
12856
12841
12834
12830
12814
12814
12812
12807
12807
12801
12791
12779
12767
12741
12738
12712
12707
12705
12704
12698
12694
12689
12688
12682
12668
12628
12620
12609
12558
12525
12522
12516
12515
12482
12482
12466
12465
12458
12453
12452
12447
12442
12438
12433
12431
12425
12414
12414
12402
12400
12393
12389
12388
12378
12374
12333
12321
12308
12308
12304
12285
12284
12273
12272
12257
12247
12241
12234
12226
12215
12212
12204
12201
12198
12189
12178
12167
12163
12159
12158
12156
12150
12135
12129
12112
12097
12087
12081
12068
12061
12050
12025
11985
11984
11972
11958
11957
11948
11936
11932
11931
11920
11909
11893
11891
11888
11878
11859
11852
11844
11830
11820
11799
11797
11782
11766
11734
11729
11726
11715
11699
11649
11642
11627
11627
11621
11609
11578
11571
11538
11538
11536
11527
11526
11506
11484
11481
11457
11452
11440
11438
11426
11415
11407
11403
11398
11383
11373
11372
11364
11355
11348
11341
11338
11329
11322
11299
11297
11283
11265
11260
11259
11245
11242
11224
11214
11211
11204
11184
11179
11140
11122
11121
11107
11105
11098
11097
11090
11071
11070
11058
11037
11027
11024
11022
11019
11003
10992
10979
10977
10977
10969
10964
10963
10956
10947
10940
10938
10934
10834
10822
10821
10812
10794
10765
10757
10756
10755
10728
10726
10724
10716
10700
10699
10674
10673
10667
10647
10631
10626
10624
10623
10622
10607
10582
10552
10551
10540
10532
10531
10524
10518
10507
10504
10496
10487
10486
10483
10477
10469
10454
10433
10432
10412
10405
10405
10398
10380
10368
10361
10328
10313
10310
10278
10273
10262
10252
10244
10242
10232
10217
10213
10205
10200
10200
10197
10187
10172
10170
10166
10166
10155
10150
10147
10145
10134
10121
10111
10080
10067
10049
10049
10047
10032
10031
10031
10031
9999
9993
9973
9967
9948
9948
9943
9935
9928
9909
9902
9901
9875
9853
9851
9829
9828
9817
9811
9799
9795
9787
9770
9766
9763
9762
9760
9745
9710
9700
9693
9687
9672
9661
9647
9643
9618
9603
9601
9592
9588
9587
9581
9574
9552
9546
9526
9495
9490
9475
9444
9439
9434
9431
9428
9426
9425
9406
9399
9398
9384
9353
9345
9330
9329
9327
9317
9308
9304
9291
9275
9260
9256
9246
9241
9226
9221
9216
9215
9208
9207
9188
9180
9165
9146
9139
9130
9096
9083
9061
9051
9044
9028
9020
9000
8996
8994
8991
8971
8951
8949
8947
8947
8944
8938
8905
8899
8897
8893
8856
8854
8854
8834
8833
8802
8802
8769
8761
8740
8736
8719
8712
8712
8703
8654
8641
8638
8637
8622
8604
8601
8588
8582
8580
8575
8546
8535
8525
8524
8509
8503
8488
8452
8435
8423
8417
8412
8412
8406
8392
8381
8372
8352
8352
8339
8335
8334
8317
8296
8288
8285
8278
8277
8260
8222
8216
8207
8201
8193
8191
8188
8181
8179
8176
8159
8147
8145
8137
8112
8106
8105
8100
8092
8088
8082
8077
8076
8071
8068
8059
8058
8046
8032
8031
8009
8004
8002
8002
7990
7981
7974
7969
7948
7937
7932
7915
7898
7879
7830
7818
7812
7809
7772
7766
7755
7754
7747
7747
7732
7727
7720
7718
7708
7684
7680
7654
7648
7641
7630
7628
7623
7608
7606
7605
7600
7594
7588
7586
7585
7582
7579
7574
7569
7566
7522
7517
7515
7490
7489
7487
7464
7455
7449
7447
7443
7443
7428
7422
7411
7383
7369
7340
7337
7335
7319
7317
7310
7287
7263
7260
7257
7251
7238
7230
7230
7222
7215
7209
7189
7187
7185
7176
7168
7163
7145
7109
7094
7093
7081
7073
7065
7065
7059
7048
7026
7016
7015
7004
6996
6982
6973
6967
6960
6959
6952
6950
6942
6941
6932
6932
6932
6910
6902
6895
6888
6886
6880
6875
6867
6842
6839
6837
6831
6827
6821
6811
6792
6766
6754
6752
6752
6749
6743
6740
6716
6707
6705
6686
6686
6680
6653
6651
6643
6640
6637
6625
6613
6613
6601
6598
6596
6590
6588
6586
6580
6577
6566
6540
6533
6513
6503
6498
6486
6484
6481
6478
6475
6468
6467
6465
6404
6382
6370
6370
6363
6362
6361
6343
6334
6309
6304
6302
6288
6283
6280
6274
6268
6241
6225
6199
6159
6143
6121
6069
6053
6043
6042
6027
6012
6011
5992
5988
5976
5935
5920
5883
5873
5872
5837
5831
5824
5807
5800
5798
5796
5789
5785
5785
5774
5757
5744
5739
5686
5671
5659
5658
5656
5653
5651
5637
5632
5628
5624
5618
5612
5593
5587
5571
5567
5547
5527
5524
5514
5512
5511
5510
5505
5503
5491
5483
5475
5454
5449
5435
5427
5424
5424
5419
5406
5399
5395
5393
5386
5386
5379
5370
5369
5364
5350
5347
5329
5297
5287
5287
5263
5256
5254
5222
5199
5196
5187
5184
5160
5147
5138
5135
5134
5133
5128
5097
5077
5074
5063
5062
5054
5048
5033
5024
5019
5011
5007
4993
4986
4984
4932
4928
4906
4902
4883
4880
4875
4867
4864
4862
4841
4826
4805
4798
4790
4788
4767
4760
4732
4719
4719
4706
4703
4676
4658
4634
4631
4621
4614
4604
4598
4595
4591
4565
4548
4547
4530
4527
4504
4489
4484
4481
4478
4471
4469
4464
4459
4447
4443
4440
4424
4422
4421
4420
4391
4367
4365
4363
4362
4360
4342
4334
4316
4315
4280
4215
4213
4207
4204
4203
4200
4171
4170
4163
4161
4153
4147
4139
4136
4129
4118
4118
4109
4105
4101
4097
4083
4073
4070
4021
4017
4012
4002
3991
3985
3978
3969
3943
3942
3933
3932
3930
3924
3914
3901
3899
3886
3881
3864
3863
3837
3835
3835
3810
3807
3807
3787
3773
3772
3766
3756
3747
3742
3726
3712
3711
3706
3693
3650
3644
3639
3635
3629
3629
3627
3627
3620
3597
3592
3592
3589
3585
3584
3573
3540
3512
3509
3487
3482
3468
3467
3454
3453
3430
3428
3417
3409
3380
3375
3363
3337
3333
3332
3331
3329
3307
3306
3301
3299
3291
3265
3260
3257
3256
3254
3219
3208
3170
3165
3161
3160
3146
3143
3139
3138
3095
3091
3087
3083
3037
3036
3032
3009
3009
2996
2990
2978
2970
2966
2944
2933
2907
2896
2890
2887
2882
2807
2806
2796
2789
2783
2773
2736
2732
2732
2731
2712
2711
2707
2705
2704
2697
2693
2684
2679
2676
2669
2666
2654
2641
2638
2632
2607
2606
2605
2602
2579
2513
2509
2507
2478
2467
2426
2426
2418
2413
2411
2410
2408
2398
2389
2384
2369
2367
2352
2329
2290
2284
2280
2251
2239
2226
2210
2204
2199
2199
2197
2184
2170
2169
2167
2157
2154
2152
2146
2142
2126
2087
2062
2040
2026
2010
2007
2005
1991
1979
1976
1966
1943
1938
1932
1931
1912
1907
1906
1905
1905
1901
1892
1887
1883
1878
1874
1872
1867
1856
1845
1834
1813
1813
1813
1800
1799
1772
1720
1711
1703
1694
1685
1685
1681
1680
1640
1639
1580
1544
1526
1525
1518
1506
1497
1487
1482
1416
1394
1390
1377
1374
1362
1346
1342
1316
1314
1312
1296
1256
1247
1239
1239
1232
1231
1226
1208
1204
1203
1193
1170
1168
1162
1160
1140
1137
1128
1095
1084
1074
1073
1049
1036
1030
1020
1013
1013
1010
979
963
961
956
949
909
899
893
889
889
876
876
876
871
868
864
851
849
842
818
817
798
782
769
768
765
763
727
723
721
716
712
700
689
679
675
665
657
655
647
633
627
613
606
596
581
569
562
553
545
507
496
473
463
456
454
447
447
445
433
432
400
382
378
376
374
371
371
367
364
354
344
343
327
324
323
316
316
306
305
302
298
284
284
279
273
265
251
236
225
209
189
188
172
166
162
150
133
131
123
115
107
101
81
79
72
60
51
48
43
36
35
8
