1
2
8
20
28
31
35
35
36
49
52
55
55
73
79
81
89
120
125
131
139
152
156
159
159
176
186
199
205
214
217
221
222
241
258
265
280
280
282
285
289
297
303
309
310
315
315
316
316
373
405
412
416
420
430
449
452
481
501
514
526
541
553
563
573
582
585
586
591
591
622
622
640
644
647
648
649
669
671
691
708
711
718
734
737
739
754
760
767
774
776
781
784
825
837
840
858
865
870
870
886
895
900
914
924
926
935
945
949
967
967
970
973
980
983
990
993
993
995
999
1002
1019
1032
1042
1044
1082
1090
1092
1111
1116
1119
1127
1151
1173
1182
1186
1187
1210
1223
1255
1273
1295
1302
1309
1323
1324
1328
1329
1331
1332
1348
1353
1358
1378
1379
1381
1384
1385
1386
1396
1403
1412
1413
1451
1457
1465
1482
1484
1489
1494
1496
1496
1501
1514
1525
1528
1528
1533
1544
1560
1564
1589
1606
1607
1608
1616
1618
1623
1626
1632
1632
1635
1635
1642
1645
1646
1658
1671
1674
1681
1717
1718
1725
1733
1734
1744
1750
1752
1754
1755
1760
1768
1770
1771
1772
1800
1812
1814
1827
1828
1834
1876
1877
1878
1882
1892
1911
1917
1932
1946
1980
1983
2006
2008
2015
2015
2020
2021
2023
2032
2053
2074
2075
2083
2110
2110
2110
2118
2119
2133
2168
2170
2179
2184
2208
2234
2249
2253
2271
2276
2283
2285
2288
2305
2310
2313
2314
2335
2337
2365
2382
2385
2391
2395
2421
2423
2430
2435
2449
2465
2481
2483
2484
2488
2494
2517
2519
2524
2532
2533
2538
2550
2556
2576
2579
2580
2587
2607
2639
2652
2656
2660
2677
2696
2707
2709
2710
2719
2722
2735
2737
2737
2742
2747
2753
2762
2769
2774
2775
2784
2795
2801
2812
2819
2821
2824
2826
2854
2867
2867
2874
2876
2894
2911
2912
2920
2921
2941
2963
2966
2974
2987
2988
2989
2991
3001
3004
3005
3019
3023
3057
3059
3076
3080
3132
3173
3176
3179
3208
3211
3215
3248
3263
3276
3294
3296
3306
3350
3360
3381
3393
3396
3400
3404
3433
3436
3440
3443
3452
3455
3471
3476
3480
3480
3508
3516
3518
3530
3535
3548
3549
3554
3555
3555
3561
3567
3571
3577
3582
3607
3615
3620
3622
3629
3630
3648
3650
3663
3703
3712
3736
3775
3787
3806
3808
3815
3818
3818
3830
3835
3858
3861
3874
3887
3897
3913
3928
3935
3936
3947
3951
3960
3961
3970
3974
3979
3983
3984
4002
4030
4060
4068
4077
4109
4112
4124
4130
4137
4141
4183
4189
4202
4204
4227
4228
4233
4240
4267
4268
4281
4286
4286
4287
4307
4323
4329
4343
4346
4352
4355
4358
4372
4374
4377
4380
4388
4397
4408
4411
4430
4438
4443
4456
4463
4467
4473
4476
4490
4493
4510
4523
4529
4546
4550
4568
4576
4590
4608
4610
4610
4613
4617
4631
4632
4639
4660
4663
4667
4670
4685
4693
4702
4715
4721
4731
4739
4742
4746
4749
4755
4774
4778
4782
4790
4823
4823
4824
4844
4853
4854
4856
4861
4883
4902
4929
4939
4948
4948
4952
4965
4965
4969
4972
4980
4995
5003
5014
5021
5048
5050
5052
5053
5056
5070
5095
5095
5109
5125
5141
5151
5165
5171
5172
5174
5180
5181
5186
5212
5213
5227
5228
5231
5232
5249
5276
5288
5320
5324
5328
5387
5397
5403
5404
5422
5432
5434
5436
5447
5456
5457
5457
5464
5468
5474
5485
5493
5501
5517
5519
5525
5530
5533
5567
5570
5572
5575
5587
5608
5612
5632
5652
5671
5672
5681
5696
5717
5718
5718
5723
5731
5746
5767
5773
5787
5792
5792
5797
5805
5807
5811
5817
5830
5842
5844
5865
5874
5884
5892
5908
5910
5911
5917
5918
5933
5948
5948
5953
5954
5973
5975
6000
6007
6007
6007
6016
6024
6043
6049
6068
6073
6075
6090
6095
6100
6105
6134
6141
6147
6164
6168
6197
6198
6205
6210
6218
6220
6227
6258
6272
6278
6291
6291
6294
6310
6311
6314
6317
6329
6331
6350
6351
6354
6359
6371
6372
6393
6399
6402
6416
6421
6425
6429
6440
6450
6458
6460
6474
6495
6498
6501
6503
6505
6517
6518
6518
6523
6535
6548
6557
6566
6566
6567
6576
6583
6611
6614
6621
6634
6665
6668
6670
6672
6678
6684
6689
6728
6735
6748
6759
6761
6773
6778
6790
6802
6803
6805
6808
6809
6821
6832
6833
6851
6854
6854
6885
6901
6909
6915
6916
6918
6929
6938
6940
6947
6952
6956
6959
6964
6971
6998
7000
7008
7010
7045
7046
7049
7050
7054
7054
7056
7058
7059
7062
7067
7083
7087
7095
7114
7115
7119
7124
7145
7155
7158
7161
7161
7177
7197
7203
7203
7226
7229
7243
7256
7265
7267
7293
7302
7318
7327
7340
7343
7346
7406
7411
7439
7447
7464
7466
7469
7479
7483
7488
7498
7517
7529
7553
7557
7557
7582
7582
7596
7597
7609
7612
7626
7636
7641
7671
7713
7727
7734
7746
7753
7757
7776
7794
7797
7800
7808
7826
7831
7840
7841
7842
7845
7853
7854
7860
7864
7873
7878
7882
7884
7892
7908
7913
7922
7928
7933
7940
7949
7950
7960
7970
7974
7986
8006
8050
8064
8074
8080
8124
8167
8176
8180
8189
8190
8202
8218
8244
8245
8246
8256
8266
8266
8302
8306
8319
8361
8369
8372
8374
8388
8400
8402
8413
8416
8431
8436
8438
8439
8443
8445
8460
8469
8472
8489
8490
8501
8510
8511
8517
8518
8525
8532
8534
8535
8559
8564
8564
8591
8650
8664
8672
8680
8698
8702
8708
8734
8743
8756
8769
8776
8786
8794
8807
8821
8821
8835
8840
8849
8854
8882
8903
8910
8915
8924
8927
8928
8930
8948
8955
8957
8963
8976
8979
9014
9030
9036
9039
9050
9086
9090
9096
9115
9137
9140
9152
9165
9187
9225
9228
9241
9246
9247
9257
9302
9317
9322
9325
9356
9365
9371
9374
9375
9388
9402
9404
9408
9414
9463
9467
9472
9501
9524
9529
9535
9538
9573
9581
9584
9597
9600
9611
9612
9622
9631
9632
9636
9637
9638
9647
9659
9659
9667
9674
9680
9712
9714
9721
9726
9734
9745
9757
9784
9784
9788
9807
9822
9826
9829
9832
9839
9840
9842
9842
9876
9900
9929
9935
9939
9942
9967
9976
9979
9992
9995
10000
10001
10019
10035
10038
10046
10046
10066
10070
10071
10087
10100
10102
10105
10116
10121
10124
10127
10152
10172
10173
10185
10194
10199
10206
10216
10234
10239
10247
10247
10259
10270
10270
10270
10297
10299
10305
10309
10310
10311
10317
10332
10344
10345
10368
10369
10370
10378
10400
10428
10468
10468
10489
10498
10507
10512
10540
10544
10554
10568
10578
10578
10579
10594
10606
10615
10618
10619
10622
10624
10630
10632
10673
10675
10692
10720
10725
10726
10747
10749
10751
10777
10791
10795
10799
10826
10833
10844
10844
10845
10852
10852
10867
10868
10879
10887
10890
10941
10942
10946
10951
10951
10951
10959
10973
10976
11004
11014
11033
11047
11050
11063
11070
11074
11080
11098
11110
11115
11136
11157
11164
11165
11170
11176
11177
11178
11192
11209
11214
11220
11221
11228
11249
11271
11279
11284
11288
11290
11301
11323
11340
11346
11356
11368
11373
11398
11405
11417
11427
11438
11466
11469
11471
11475
11478
11482
11494
11514
11519
11523
11531
11566
11569
11594
11606
11611
11611
11622
11633
11643
11653
11658
11665
11666
11687
11690
11711
11714
11722
11732
11740
11741
11762
11764
11769
11775
11779
11793
11796
11801
11804
11823
11825
11833
11869
11876
11876
11883
11886
11894
11899
11903
11911
11918
11934
11954
11956
11961
11977
11983
11987
12000
12001
12006
12010
12011
12015
12019
12019
12035
12046
12051
12052
12054
12059
12061
12079
12125
12171
12206
12209
12217
12226
12235
12240
12245
12277
12278
12285
12290
12297
12299
12301
12303
12304
12319
12323
12341
12363
12370
12395
12397
12406
12408
12410
12434
12437
12437
12464
12464
12466
12467
12468
12480
12486
12487
12502
12511
12518
12522
12527
12528
12528
12552
12553
12556
12564
12574
12589
12598
12598
12606
12610
12613
12635
12640
12648
12650
12653
12671
12677
12681
12689
12700
12703
12705
12709
12743
12749
12768
12791
12813
12845
12856
12859
12872
12875
12875
12885
12890
12922
12936
12975
12979
12980
12997
13004
13011
13040
13075
13085
13100
13112
13130
13132
13133
13140
13146
13148
13149
13151
13158
13171
13186
13206
13211
13212
13214
13228
13259
13280
13282
13310
13317
13328
13339
13346
13372
13377
13390
13396
13401
13443
13452
13454
13458
13469
13472
13492
13504
13509
13515
13515
13529
13530
13548
13550
13554
13557
13557
13565
13566
13576
13594
13599
13600
13605
13613
13635
13637
13646
13656
13661
13674
13674
13681
13689
13715
13724
13725
13732
13755
13756
13758
13779
13784
13786
13797
13807
13812
13812
13818
13821
13831
13836
13843
13844
13853
13862
13863
13863
13866
13876
13900
13926
13929
13933
13936
13964
13968
13970
13972
14006
14015
14015
14062
14066
14089
14125
14150
14153
14159
14165
14178
14182
14191
14192
14214
14225
14228
14238
14248
14252
14267
14273
14284
14289
14339
14340
14351
14371
14374
14374
14377
14384
14395
14439
14440
14481
14495
14515
14525
14526
14541
14542
14543
14552
14574
14590
14595
14610
14612
14637
14664
14669
14675
14681
14682
14683
14688
14706
14714
14721
14726
14745
14752
14764
14768
14769
14781
14799
14804
14813
14815
14823
14835
14856
14867
14925
14936
14942
14943
14945
14947
14964
14966
14972
14986
14990
14993
14995
14997
15005
15005
15010
15026
15031
15042
15046
15051
15054
15069
15075
15113
15123
15134
15158
15165
15168
15183
15191
15201
15203
15207
15215
15218
15237
15252
15300
15309
15313
15344
15351
15351
15353
15374
15378
15389
15403
15413
15436
15437
15466
15474
15475
15506
15514
15519
15520
15526
15534
15538
15552
15554
15567
15578
15583
15619
15631
15637
15649
15678
15684
15686
15709
15728
15742
15746
15756
15757
15760
15771
15773
15777
15791
15799
15809
15815
15820
15853
15865
15873
15912
15927
15931
15938
15949
15952
15958
15971
15983
16002
16006
16009
16009
16026
16031
16048
16053
16075
16081
16091
16106
16107
16111
16119
16131
16136
16144
16145
16149
16149
16151
16162
16180
16189
16193
16200
16233
16259
16262
16276
16290
16299
16301
16312
16313
16327
16334
16340
16343
16375
16382
16409
16417
16422
16454
16465
16465
16472
16484
16491
16498
16502
16505
16507
16509
16518
16567
16568
16582
16583
16594
16597
16602
16609
16627
16646
16661
16688
16690
16705
16711
16716
16727
16737
16748
16749
16751
16763
16773
16777
16787
16787
16789
16798
16809
16812
16826
16843
16850
16865
16867
16886
16894
16934
16936
16944
16948
16960
16966
16973
16974
16974
16976
16978
16981
16988
16990
17009
17031
17041
17056
17075
17077
17081
17090
17115
17117
17129
17136
17139
17143
17150
17181
17182
17192
17207
17216
17228
17253
17255
17257
17259
17273
17277
17288
17291
17326
17335
17338
17339
17342
17351
17365
17373
17378
17401
17421
17424
17428
17429
17445
17453
17456
17459
17468
17498
17512
17525
17532
17533
17541
17547
17566
17582
17598
17599
17606
17609
17614
17617
17629
17634
17637
17649
17650
17676
17689
17694
17696
17706
17711
17727
17728
17729
17755
17765
17789
17802
17804
17812
17819
17849
17868
17883
17887
17916
17918
17926
17932
17937
17946
17959
17962
17965
18003
18004
18024
18033
18051
18051
18053
18059
18067
18087
18100
18152
18185
18186
18200
18204
18212
18218
18232
18242
18256
18280
18282
18285
18287
18291
18306
18309
18313
18324
18328
18333
18335
18335
18338
18371
18387
18442
18443
18445
18453
18457
18490
18535
18537
18540
18553
18562
18563
18573
18581
18593
18606
18611
18614
18615
18616
18641
18645
18646
18670
18676
18700
18711
18722
18746
18748
18751
18751
18754
18757
18772
18780
18796
18798
18811
18845
18851
18868
18886
18891
18893
18902
18912
18918
18925
18928
18940
18957
18958
18959
18961
18964
18964
18972
18973
18998
19014
19014
19023
19044
19071
19081
19083
19096
19119
19127
19134
19144
19157
19171
19201
19205
19217
19228
19252
19269
19272
19279
19295
19296
19306
19330
19331
19336
19345
19358
19358
19363
19366
19393
19439
19440
19471
19497
19503
19506
19514
19548
19550
19550
19553
19557
19557
19562
19575
19581
19590
19598
19600
19611
19619
19622
19627
19629
19630
19632
19637
19649
19654
19658
19659
19683
19702
19715
19735
19748
19763
19767
19779
19801
19823
19830
19838
19882
19887
19901
19903
19907
19933
19947
19954
19955
19963
19995
19998
19998
20009
20013
20030
20049
20051
20065
20078
20088
20089
20093
20114
20127
20135
20147
20158
20164
20166
20191
20200
20206
20213
20236
20274
20286
20292
20303
20316
20332
20337
20344
20356
20360
20374
20380
20406
20431
20442
20447
20449
20455
20458
20458
20474
20477
20480
20494
20517
20523
20543
20545
20551
20561
20577
20602
20610
20638
20665
20670
20671
20675
20685
20687
20691
20710
20713
20729
20736
20738
20740
20754
20768
20771
20784
20787
20790
20827
20827
20856
20856
20856
20859
20866
20866
20873
20885
20896
20978
20980
21011
21030
21040
21044
21045
21051
21057
21094
21102
21130
21135
21143
21163
21177
21182
21188
21195
21204
21215
21224
21226
21237
21239
21254
21264
21268
21269
21275
21277
21293
21299
21303
21327
21349
21351
21351
21361
21371
21377
21401
21408
21418
21436
21440
21442
21462
21466
21470
21471
21514
21519
21520
21542
21546
21564
21573
21575
21581
21584
21599
21600
21613
21615
21654
21659
21668
21669
21675
21680
21683
21684
21686
21696
21705
21705
21710
21713
21713
21722
21743
21760
21762
21777
21787
21796
21798
21800
21808
21810
21822
21825
21855
21857
21863
21865
21869
21869
21878
21886
21895
21905
21925
21927
21958
21962
21980
21985
21990
22009
22010
22015
22019
22020
22028
22029
22050
22053
22056
22068
22072
22077
22081
22084
22109
22112
22116
22123
22139
22145
22209
22220
22254
22254
22262
22280
22298
22318
22321
22348
22356
22357
22368
22372
22372
22373
22380
22388
22396
22396
22415
22419
22428
22447
22448
22454
22474
22476
22498
22513
22527
22535
22536
22543
22583
22587
22599
22610
22611
22612
22616
22618
22619
22635
22638
22639
22655
22655
22666
22668
22669
22673
22695
22696
22696
22726
22726
22726
22742
22762
22773
22773
22780
22792
22792
22802
22805
22814
22814
22819
22821
22822
22823
22826
22838
22851
22889
22896
22907
22913
22924
22934
22942
22951
22960
22980
22995
23005
23012
23024
23024
23049
23051
23061
23067
23082
23085
23091
23099
23112
23117
23156
23159
23165
23169
23171
23196
23202
23202
23205
23218
23223
23235
23242
23275
23277
23284
23293
23313
23318
23324
23327
23330
23341
23344
23351
23361
23373
23381
23385
23390
23390
23408
23414
23415
23433
23434
23453
23479
23481
23482
23489
23489
23508
23509
23520
23520
23544
23561
23580
23591
23594
23598
23599
23608
23621
23629
23630
23633
23633
23666
23687
23694
23698
23710
23736
23761
23762
23773
23775
23780
23803
23813
23837
23843
23875
23878
23913
23924
23935
23941
23946
23957
23965
23976
23979
23994
24002
24014
24020
24020
24021
24025
24028
24039
24064
24072
24077
24080
24090
24091
24106
24119
24125
24141
24148
24163
24167
24175
24209
24212
24223
24238
24249
24251
24252
24253
24254
24258
24259
24260
24277
24291
24297
24305
24332
24338
24350
24354
24364
24367
24368
24368
24389
24400
24422
24422
24425
24480
24488
24490
24491
24505
24506
24514
24515
24523
24525
24526
24533
24542
24549
24558
24559
24596
24599
24624
24640
24642
24660
24667
24680
24683
24702
24707
24712
24714
24714
24727
24729
24736
24766
24774
24782
24839
24870
24890
24895
24913
24914
24916
24928
24933
24934
24936
24938
24943
24943
24950
24958
24991
24994
25050
25056
25058
25063
25075
25077
25078
25080
25082
25096
25099
25112
25120
25123
25127
25145
25149
25160
25163
25175
25176
25180
25219
25222
25234
25250
25257
25257
25267
25267
25269
25270
25270
25273
25290
25303
25306
25310
25316
25329
25340
25353
25356
25378
25382
25388
25395
25399
25408
25414
25420
25483
25488
25503
25513
25524
25531
25535
25539
25540
25555
25568
25611
25652
25656
25656
25673
25679
25688
25689
25701
25705
25706
25708
25721
25744
25754
25762
25770
25778
25794
25796
25797
25821
25824
25829
25841
25844
25845
25863
25875
25880
25904
25905
25906
25907
25909
25912
25916
25945
25950
25955
25958
25978
25992
26006
26015
26018
26021
26036
26049
26065
26094
26104
26109
26113
26127
26141
26152
26170
26182
26197
26210
26211
26212
26226
26240
26255
26255
26259
26264
26276
26288
26292
26295
26308
26318
26322
26322
26326
26331
26335
26337
26346
26352
26395
26396
26401
26405
26406
26446
26456
26463
26483
26496
26497
26500
26501
26542
26564
26580
26590
26601
26605
26619
26644
26667
26670
26676
26681
26691
26699
26714
26734
26736
26763
26779
26803
26804
26830
26842
26868
26871
26890
26907
26908
26912
26914
26917
26918
26932
26933
26938
26999
27011
27021
27022
27041
27047
27055
27062
27090
27099
27101
27104
27106
27128
27134
27134
27140
27157
27157
27167
27170
27183
27184
27187
27200
27203
27206
27215
27215
27219
27242
27250
27256
27269
27279
27282
27286
27296
27302
27304
27312
27327
27350
27359
27380
27395
27399
27431
27449
27449
27463
27464
27501
27513
27538
27553
27577
27577
27588
27593
27603
27604
27615
27640
27660
27681
27688
27728
27734
27775
27778
27779
27790
27792
27795
27802
27813
27815
27816
27826
27829
27842
27852
27872
27880
27882
27891
27896
27898
27909
27909
27930
27933
27939
27941
27956
27970
27976
27990
27990
27996
28017
28022
28030
28033
28060
28064
28068
28076
28082
28084
28091
28105
28105
28106
28114
28125
28133
28145
28158
28207
28227
28234
28251
28259
28277
28305
28340
28342
28347
28358
28366
28369
28372
28375
28388
28397
28397
28413
28417
28419
28429
28452
28452
28480
28484
28517
28521
28523
28537
28540
28544
28548
28555
28567
28582
28589
28609
28613
28626
28631
28659
28668
28676
28693
28699
28714
28716
28725
28754
28770
28779
28781
28820
28822
28825
28831
28847
28858
28864
28865
28872
28884
28888
28891
28891
28904
28911
28911
28929
28948
28950
28959
28973
28976
29006
29020
29022
29034
29035
29054
29069
29080
29111
29131
29139
29146
29154
29154
29169
29193
29193
29195
29200
29208
29208
29210
29212
29212
29216
29218
29219
29224
29245
29248
29294
29302
29341
29342
29394
29400
29400
29412
29419
29447
29452
29477
29477
29524
29533
29543
29551
29564
29580
29583
29597
29599
29610
29615
29619
29634
29640
29642
29645
29651
29679
29695
29699
29707
29715
29739
29765
29786
29790
29791
29820
29827
29830
29840
29840
29841
29845
29860
29862
29884
29891
29895
29914
29915
29952
29962
29966
29967
29968
29976
29993
30002
30006
30017
30024
30037
30037
30037
30050
30055
30074
30085
30103
30112
30113
30115
30126
30128
30133
30155
30162
30181
30191
30196
30205
30212
30222
30223
30238
30255
30310
30332
30336
30344
30348
30350
30353
30356
30375
30379
30404
30414
30426
30434
30434
30438
30447
30464
30480
30487
30494
30527
30538
30545
30561
30581
30581
30582
30606
30609
30609
30614
30616
30626
30649
30668
30712
30713
30714
30719
30749
30777
30778
30780
30792
30804
30827
30829
30830
30840
30841
30844
30871
30874
30876
30901
30907
30912
30923
30937
30943
30949
30958
30970
30978
30988
30988
30988
30994
31013
31024
31032
31036
31037
31044
31054
31074
31079
31082
31091
31095
31098
31189
31191
31193
31195
31198
31221
31239
31259
31270
31276
31288
31300
31307
31319
31328
31328
31341
31345
31356
31363
31369
31373
31376
31381
31381
31399
31423
31429
31431
31442
31444
31480
31481
31498
31511
31536
31543
31545
31562
31565
31582
31583
31590
31599
31599
31633
31634
31641
31645
31652
31691
31700
31708
31708
31711
31729
31733
31744
31758
31773
31779
31783
31785
31785
31794
31826
31828
31833
31834
31836
31844
31864
31877
31886
31897
31910
31914
31922
31928
31934
31941
31946
31954
31979
31990
31992
31997
32008
32024
32040
32045
32053
32079
32100
32101
32116
32136
32155
32164
32170
32191
32200
32200
32203
32205
32211
32213
32229
32229
32231
32235
32248
32249
32251
32258
32266
32266
32270
32289
32294
32299
32317
32318
32325
32339
32345
32352
32353
32363
32379
32401
32409
32411
32453
32458
32470
32473
32482
32492
32493
32501
32503
32505
32519
32533
32542
32555
32560
32581
32591
32594
32598
32620
32621
32626
32646
32684
32709
32713
32741
32752
32769
32779
32782
32790
32798
32801
32805
32825
32835
32837
32851
32868
32883
32897
32903
32933
32936
32936
32937
32946
32947
32954
32958
32961
32985
32991
33005
33042
33043
33053
33068
33071
33100
33111
33114
33115
33127
33146
33153
33181
33191
33209
33216
33223
33248
33259
33263
33265
33266
33273
33274
33291
33300
33302
33315
33317
33320
33342
33354
33374
33376
33399
33405
33410
33423
33439
33448
33451
33451
33469
33475
33479
33485
33489
33490
33491
33491
33499
33544
33555
33568
33595
33599
33615
33641
33644
33647
33652
33673
33675
33678
33699
33741
33756
33758
33767
33768
33779
33779
33790
33820
33826
33842
33843
33855
33856
33903
33926
33932
33944
33951
33960
33994
33996
34045
34048
34062
34063
34066
34086
34093
34130
34146
34167
34174
34177
34179
34180
34185
34202
34212
34219
34221
34228
34248
34252
34264
34281
34285
34288
34290
34304
34309
34317
34330
34337
34372
34385
34396
34419
34427
34445
34450
34461
34482
34492
34500
34500
34504
34510
34527
34529
34534
34539
34541
34556
34558
34571
34586
34587
34589
34590
34591
34602
34604
34607
34622
34624
34635
34644
34663
34680
34688
34702
34712
34722
34728
34732
34743
34757
34772
34775
34797
34799
34804
34815
34817
34819
34820
34833
34849
34852
34876
34882
34896
34900
34908
34921
34949
34965
34968
34978
34981
34988
34989
35005
35026
35028
35041
35045
35052
35059
35093
35095
35111
35179
35192
35209
35226
35244
35275
35287
35287
35300
35323
35327
35333
35341
35347
35348
35356
35366
35367
35372
35395
35397
35398
35402
35405
35406
35411
35419
35420
35424
35426
35427
35429
35433
35456
35471
35486
35499
35501
35522
35524
35562
35563
35566
35585
35598
35603
35624
35625
35651
35660
35662
35666
35668
35672
35685
35687
35691
35696
35709
35711
35716
35749
35771
35777
35778
35793
35800
35803
35806
35810
35827
35830
35836
35855
35879
35881
35893
35905
35917
35923
35929
35930
35956
35957
35962
35983
35992
36017
36041
36044
36065
36068
36073
36081
36086
36087
36091
36094
36110
36119
36128
36150
36152
36159
36184
36199
36203
36217
36227
36229
36230
36262
36268
36286
36291
36293
36298
36314
36342
36355
36356
36367
36380
36380
36388
36392
36392
36402
36404
36418
36423
36424
36434
36440
36461
36464
36474
36480
36496
36502
36505
36519
36550
36550
36553
36558
36575
36576
36587
36590
36591
36593
36604
36615
36622
36626
36645
36651
36651
36657
36669
36673
36685
36685
36714
36718
36723
36724
36741
36746
36753
36758
36758
36768
36774
36786
36791
36805
36823
36845
36853
36853
36860
36877
36889
36895
36895
36895
36898
36904
36924
36969
36979
36980
36984
36994
36998
37020
37027
37027
37036
37047
37066
37072
37086
37106
37119
37134
37147
37154
37162
37171
37175
37175
37179
37197
37203
37241
37256
37268
37276
37285
37312
37319
37322
37329
37338
37350
37366
37371
37381
37397
37416
37440
37442
37454
37479
37485
37499
37508
37510
37512
37541
37560
37588
37588
37596
37597
37602
37618
37634
37636
37664
37677
37678
37685
37687
37689
37693
37704
37707
37708
37729
37745
37760
37769
37778
37817
37822
37823
37824
37830
37847
37852
37863
37868
37873
37895
37898
37901
37905
37930
37953
37955
37959
37960
37967
37969
37975
37978
37985
37993
38001
38013
38022
38089
38094
38110
38111
38132
38136
38137
38144
38148
38152
38160
38171
38172
38206
38207
38211
38221
38230
38240
38253
38282
38283
38285
38286
38298
38307
38321
38332
38339
38339
38367
38399
38418
38438
38454
38466
38485
38488
38497
38504
38507
38518
38527
38531
38554
38560
38561
38571
38591
38591
38592
38593
38599
38625
38635
38639
38643
38658
38668
38668
38681
38697
38699
38703
38728
38733
38751
38756
38761
38807
38827
38852
38852
38866
38868
38889
38892
38896
38903
38916
38923
38929
38931
38959
38962
38971
38979
38983
38995
39005
39042
39051
39053
39054
39065
39067
39071
39073
39078
39156
39176
39186
39187
39211
39249
39302
39325
39327
39334
39363
39363
39376
39378
39384
39385
39407
39411
39416
39421
39452
39454
39466
39468
39476
39489
39498
39502
39510
39523
39527
39536
39564
39571
39628
39635
39640
39665
39680
39687
39695
39713
39728
39732
39739
39746
39752
39769
39820
39834
39846
39847
39868
39886
39900
39912
39915
39920
39926
39926
39926
39930
39934
39977
39979
40004
40020
40037
40068
40073
40090
40091
40093
40112
40120
40124
40139
40152
40156
40172
40188
40192
40192
40192
40195
40198
40219
40228
40229
40254
40287
40300
40303
40306
40315
40318
40322
40324
40327
40327
40338
40355
40363
40373
40388
40400
40402
40430
40435
40448
40456
40456
40484
40498
40505
40558
40559
40562
40562
40581
40583
40627
40628
40653
40669
40685
40692
40700
40704
40706
40712
40716
40723
40726
40737
40745
40746
40748
40754
40756
40762
40765
40766
40776
40818
40828
40840
40842
40843
40845
40861
40884
40889
40896
40917
40925
40927
40935
40938
40939
40940
40943
40944
40945
40991
40997
41015
41017
41021
41025
41057
41076
41081
41120
41127
41134
41161
41162
41170
41176
41181
41196
41202
41211
41243
41273
41273
41274
41288
41293
41304
41314
41324
41335
41342
41343
41346
41348
41364
41373
41382
41389
41437
41437
41446
41455
41467
41475
41559
41577
41577
41583
41619
41627
41633
41667
41672
41712
41715
41727
41734
41737
41740
41741
41763
41775
41777
41790
41792
41800
41803
41815
41823
41825
41843
41849
41857
41865
41881
41911
41912
41929
41932
41933
41933
41959
41962
41980
41997
42007
42016
42025
42025
42031
42039
42041
42047
42049
42066
42078
42081
42089
42091
42114
42145
42174
42192
42193
42203
42213
42217
42222
42224
42228
42241
42246
42249
42262
42268
42280
42306
42314
42318
42333
42349
42362
42370
42377
42381
42391
42398
42400
42404
42405
42426
42428
42434
42434
42441
42462
42482
42498
42518
42522
42526
42533
42537
42555
42570
42570
42575
42578
42591
42591
42594
42596
42616
42616
42634
42637
42645
42647
42651
42658
42683
42694
42696
42710
42733
42744
42749
42758
42771
42779
42780
42783
42797
42830
42851
42856
42862
42877
42882
42890
42902
42906
42943
42944
42949
42983
43009
43013
43020
43026
43027
43036
43062
43074
43078
43080
43091
43114
43133
43146
43147
43151
43181
43218
43219
43243
43260
43273
43280
43282
43326
43341
43355
43374
43385
43391
43398
43398
43414
43430
43434
43449
43454
43455
43463
43465
43478
43484
43489
43512
43513
43531
43531
43535
43547
43553
43628
43637
43640
43647
43658
43664
43678
43684
43692
43692
43694
43695
43712
43714
43748
43749
43760
43763
43797
43798
43815
43827
43846
43847
43858
43859
43859
43865
43878
43880
43887
43887
43927
43935
43935
43941
43941
43971
44032
44034
44041
44073
44079
44085
44087
44100
44102
44107
44109
44125
44141
44171
44183
44186
44202
44212
44221
44225
44231
44247
44284
44285
44293
44311
44319
44359
44374
44399
44416
44432
44439
44440
44446
44493
44511
44512
44517
44536
44539
44545
44548
44593
44607
44624
44633
44660
44668
44677
44682
44683
44688
44689
44694
44697
44703
44711
44715
44743
44755
44756
44758
44766
44767
44771
44780
44793
44794
44804
44805
44808
44819
44836
44837
44838
44851
44874
44876
44888
44893
44895
44919
44922
44927
44940
44943
44953
44955
44966
44973
44974
44988
44996
45015
45020
45023
45051
45058
45062
45074
45111
45138
45140
45165
45167
45183
45188
45197
45206
45217
45233
45236
45248
45251
45254
45257
45259
45276
45322
45326
45327
45332
45336
45342
45350
45354
45368
45370
45373
45384
45395
45400
45417
45445
45450
45465
45505
45535
45537
45548
45552
45555
45592
45601
45610
45612
45620
45631
45642
45643
45644
45644
45647
45672
45680
45680
45686
45696
45707
45724
45739
45746
45769
45773
45775
45787
45791
45796
45813
45844
45851
45857
45882
45896
45948
45955
45984
45995
46006
46007
46011
46011
46014
46016
46033
46047
46051
46054
46054
46065
46069
46078
46084
46088
46108
46108
46113
46127
46138
46156
46170
46197
46204
46206
46210
46210
46244
46248
46268
46268
46271
46281
46285
46291
46306
46310
46319
46322
46332
46334
46341
46362
46379
46383
46417
46418
46420
46421
46448
46457
46458
46458
46463
46479
46486
46494
46502
46535
46536
46538
46558
46565
46567
46579
46586
46617
46621
46639
46643
46643
46647
46669
46671
46672
46679
46689
46696
46703
46734
46738
46739
46745
46764
46773
46774
46779
46795
46811
46816
46822
46834
46840
46841
46843
46846
46849
46849
46854
46885
46896
46904
46909
46912
46912
46916
46918
46920
46955
46955
46970
46973
46974
46993
47004
47009
47018
47020
47026
47031
47038
47040
47042
47045
47047
47056
47058
47073
47099
47115
47155
47159
47180
47182
47185
47186
47186
47190
47201
47203
47206
47207
47208
47223
47227
47241
47273
47289
47292
47302
47320
47329
47350
47365
47376
47386
47394
47462
47469
47496
47519
47521
47532
47534
47541
47551
47553
47562
47563
47566
47570
47578
47584
47596
47610
47611
47618
47631
47653
47678
47679
47685
47686
47686
47692
47693
47698
47704
47707
47707
47715
47717
47736
47752
47759
47778
47792
47795
47809
47820
47828
47833
47840
47841
47843
47853
47857
47861
47861
47866
47903
47906
47921
47943
47947
47957
47967
47970
47978
47986
47989
47992
47996
48005
48029
48041
48043
48046
48055
48065
48066
48067
48076
48080
48087
48088
48092
48105
48133
48133
48138
48172
48180
48195
48199
48202
48219
48220
48227
48236
48240
48248
48249
48322
48331
48339
48345
48346
48351
48364
48372
48378
48409
48445
48463
48471
48475
48486
48495
48504
48505
48507
48509
48520
48544
48553
48553
48556
48562
48575
48577
48587
48616
48618
48635
48674
48676
48678
48684
48688
48714
48716
48722
48771
48793
48800
48803
48816
48820
48835
48838
48841
48847
48849
48851
48856
48875
48882
48887
48893
48897
48915
48922
48928
48935
48965
48974
48976
48977
48994
49012
49030
49039
49039
49050
49065
49077
49079
49081
49103
49109
49122
49123
49131
49133
49134
49136
49140
49160
49200
49205
49216
49236
49242
49243
49259
49276
49280
49297
49309
49330
49348
49369
49375
49378
49396
49412
49486
49493
49501
49501
49509
49534
49559
49562
49569
49624
49657
49658
49667
49675
49678
49701
49704
49714
49731
49738
49741
49741
49748
49766
49783
49802
49803
49816
49819
49861
49873
49914
49923
49936
49943
49946
49959
49961
49977
49981
49987
49988
49989
49990
49999
50019
50024
50032
50034
50054
50055
50087
50112
50114
50129
50129
50130
50144
50147
50153
50156
50158
50161
50165
50167
50212
50216
50240
50252
50255
50260
50298
50361
50369
50387
50394
50405
50413
50414
50422
50422
50429
50438
50455
50507
50513
50517
50538
50553
50563
50564
50582
50591
50612
50617
50617
50634
50648
50651
50653
50665
50677
50681
50685
50688
50696
50707
50713
50729
50736
50738
50759
50769
50771
50782
50787
50794
50830
50853
50871
50878
50891
50900
50926
50961
50976
50987
51003
51004
51007
51009
51011
51025
51030
51033
51039
51053
51063
51072
51077
51078
51088
51094
51103
51125
51145
51165
51169
51172
51190
51200
51208
51224
51238
51241
51243
51244
51254
51263
51267
51268
51290
51292
51299
51310
51323
51332
51333
51340
51349
51350
51354
51372
51395
51400
51410
51452
51453
51465
51468
51477
51482
51491
51495
51496
51503
51523
51527
51546
51572
51576
51586
51591
51591
51607
51619
51625
51639
51646
51659
51683
51687
51691
51695
51719
51719
51726
51727
51731
51734
51738
51750
51770
51772
51796
51803
51825
51830
51849
51856
51861
51879
51885
51889
51890
51904
51922
51942
51947
51950
51965
51982
51984
51987
51992
52020
52035
52045
52053
52063
52064
52069
52076
52077
52083
52085
52088
52098
52098
52110
52127
52134
52138
52158
52160
52178
52182
52194
52210
52213
52227
52244
52249
52253
52269
52272
52286
52293
52298
52300
52301
52302
52309
52322
52339
52353
52354
52358
52364
52387
52391
52425
52470
52488
52497
52498
52502
52504
52526
52538
52580
52580
52588
52591
52602
52609
52609
52633
52633
52639
52658
52663
52664
52667
52687
52700
52710
52727
52744
52767
52778
52784
52786
52817
52829
52851
52856
52858
52860
52864
52874
52882
52891
52901
52910
52924
52927
52933
52969
52969
52981
52995
52996
53004
53010
53016
53033
53087
53108
53126
53132
53138
53142
53156
53172
53178
53187
53228
53252
53265
53274
53277
53282
53287
53297
53305
53327
53368
53412
53427
53456
53472
53480
53483
53485
53500
53509
53535
53541
53545
53549
53550
53552
53552
53556
53560
53562
53563
53564
53564
53566
53570
53571
53572
53572
53577
53587
53613
53616
53616
53629
53665
53690
53697
53700
53704
53704
53706
53723
53723
53751
53761
53767
53776
53778
53784
53785
53786
53788
53793
53797
53833
53851
53860
53864
53865
53865
53877
53891
53896
53899
53900
53915
53917
53923
53933
53945
53956
53969
53999
54002
54016
54029
54035
54035
54043
54054
54057
54061
54064
54065
54074
54076
54094
54097
54098
54108
54112
54113
54119
54133
54137
54141
54143
54180
54180
54190
54196
54197
54197
54197
54198
54199
54200
54206
54220
54227
54232
54243
54244
54265
54266
54267
54279
54288
54309
54326
54367
54369
54372
54376
54377
54403
54407
54408
54425
54425
54472
54511
54517
54547
54549
54573
54583
54589
54589
54595
54602
54624
54630
54648
54650
54676
54677
54695
54700
54706
54707
54715
54717
54728
54734
54746
54754
54773
54792
54808
54814
54818
54842
54859
54926
54931
54948
54963
54970
54971
54974
54975
54990
54993
54993
54995
55000
55000
55005
55032
55037
55039
55046
55052
55064
55065
55074
55089
55089
55104
55110
55121
55131
55143
55144
55151
55161
55164
55169
55180
55184
55186
55188
55213
55219
55221
55228
55236
55249
55252
55286
55297
55298
55305
55322
55339
55353
55353
55357
55378
55393
55402
55415
55421
55426
55452
55470
55476
55489
55498
55498
55499
55501
55504
55517
55535
55546
55562
55576
55582
55585
55589
55593
55600
55605
55605
55612
55617
55639
55646
55670
55676
55678
55686
55687
55700
55709
55710
55723
55724
55745
55747
55758
55776
55778
55787
55789
55808
55810
55821
55822
55822
55842
55851
55874
55889
55901
55911
55926
55953
55964
55966
55971
55974
55975
55977
55994
56008
56014
56019
56042
56043
56044
56049
56050
56063
56069
56072
56098
56105
56107
56123
56132
56153
56179
56229
56238
56248
56256
56264
56303
56304
56337
56337
56345
56360
56365
56367
56369
56377
56383
56416
56417
56432
56440
56442
56456
56512
56537
56537
56553
56558
56570
56572
56578
56581
56598
56603
56619
56624
56626
56631
56637
56640
56652
56656
56662
56663
56672
56674
56686
56693
56693
56708
56708
56719
56720
56748
56759
56759
56775
56777
56789
56790
56791
56797
56800
56823
56825
56827
56840
56849
56856
56861
56861
56866
56868
56883
56886
56906
56914
56915
56945
56946
56952
56962
56999
57000
57020
57026
57030
57033
57041
57049
57054
57060
57071
57096
57097
57098
57119
57125
57127
57184
57186
57192
57193
57198
57204
57215
57223
57239
57240
57245
57265
57272
57287
57292
57293
57311
57313
57326
57329
57347
57351
57366
57375
57380
57383
57383
57388
57390
57413
57435
57437
57454
57468
57475
57504
57508
57558
57577
57587
57597
57604
57616
57618
57624
57647
57647
57650
57653
57657
57657
57682
57684
57685
57686
57687
57708
57711
57714
57722
57724
57728
57741
57747
57762
57767
57775
57787
57863
57865
57869
57892
57904
57913
57914
57921
57925
57927
57928
57930
57933
57942
57952
57953
57955
57961
57991
57991
57996
58035
58037
58046
58055
58072
58075
58093
58094
58106
58117
58127
58166
58175
58181
58182
58187
58191
58192
58201
58217
58222
58240
58245
58257
58260
58289
58293
58309
58311
58325
58328
58341
58358
58383
58384
58386
58397
58399
58417
58444
58453
58459
58472
58473
58475
58478
58486
58486
58487
58489
58491
58514
58516
58525
58559
58580
58595
58609
58622
58632
58632
58652
58656
58670
58671
58683
58706
58727
58733
58737
58762
58791
58801
58801
58807
58814
58856
58879
58882
58888
58893
58903
58907
58914
58921
58928
58947
58967
58976
58990
59003
59011
59030
59034
59037
59038
59050
59050
59068
59069
59081
59086
59103
59104
59110
59140
59141
59162
59171
59176
59178
59208
59215
59216
59246
59281
59285
59302
59306
59307
59313
59313
59321
59326
59343
59344
59350
59352
59353
59354
59354
59359
59378
59401
59402
59412
59414
59417
59429
59429
59459
59467
59487
59491
59498
59521
59525
59529
59541
59546
59553
59557
59565
59588
59599
59604
59609
59610
59643
59646
59658
59658
59666
59674
59680
59760
59774
59808
59811
59813
59823
59825
59835
59841
59845
59851
59878
59881
59886
59900
59905
59911
59913
59915
59936
59937
59959
59994
59996
60005
60013
60047
60051
60067
60070
60081
60094
60100
60111
60113
60114
60115
60116
60126
60133
60154
60189
60197
60210
60214
60227
60240
60257
60275
60291
60321
60326
60337
60338
60345
60350
60353
60361
60363
60364
60365
60391
60400
60407
60409
60411
60416
60428
60438
60446
60451
60451
60463
60467
60520
60521
60539
60567
60593
60594
60626
60629
60640
60640
60658
60661
60685
60686
60688
60692
60697
60716
60727
60727
60737
60737
60754
60759
60761
60776
60778
60779
60779
60783
60786
60788
60793
60802
60816
60818
60829
60839
60840
60842
60842
60880
60889
60889
60894
60908
60915
60918
60943
60976
60977
60981
60984
60988
60999
61001
61005
61009
61017
61050
61052
61059
61077
61088
61097
61101
61101
61111
61117
61122
61125
61131
61131
61133
61135
61159
61168
61168
61169
61187
61191
61201
61214
61215
61218
61231
61256
61294
61304
61304
61317
61332
61357
61358
61377
61379
61406
61420
61428
61443
61459
61470
61477
61488
61503
61505
61535
61543
61552
61590
61630
61637
61646
61654
61676
61678
61679
61680
61719
61720
61721
61728
61738
61742
61745
61746
61778
61784
61789
61803
61804
61804
61818
61823
61844
61854
61866
61891
61896
61897
61912
61920
61932
61936
61937
61937
61950
61951
61953
61953
61953
61955
61955
61957
61963
61968
61979
61979
61991
61992
61998
61999
62000
62005
62006
62007
62008
62013
62014
62016
62022
62039
62044
62046
62047
62066
62069
62071
62100
62101
62115
62119
62120
62124
62162
62162
62165
62171
62179
62181
62182
62188
62190
62211
62253
62280
62282
62293
62307
62330
62347
62353
62358
62394
62396
62398
62401
62414
62437
62453
62453
62470
62481
62496
62515
62522
62553
62565
62573
62575
62585
62593
62597
62614
62618
62618
62622
62627
62635
62657
62657
62665
62665
62681
62699
62700
62731
62736
62757
62762
62772
62782
62791
62798
62800
62836
62847
62853
62859
62861
62864
62866
62896
62904
62913
62916
62921
62929
62934
62946
62955
62959
62965
62967
62973
62995
63021
63025
63043
63043
63046
63055
63076
63099
63102
63102
63140
63147
63153
63162
63166
63174
63176
63182
63193
63203
63223
63238
63240
63240
63244
63271
63280
63282
63306
63318
63323
63339
63340
63358
63365
63368
63371
63384
63384
63409
63434
63451
63451
63454
63509
63526
63526
63532
63535
63537
63567
63568
63590
63594
63598
63599
63606
63607
63612
63626
63628
63631
63638
63638
63653
63662
63664
63671
63680
63681
63686
63689
63692
63695
63741
63773
63784
63786
63790
63801
63810
63810
63810
63813
63822
63825
63825
63828
63831
63831
63843
63846
63851
63870
63873
63877
63898
63900
63924
63929
63938
63956
63956
63959
63959
63993
63996
64022
64034
64038
64048
64052
64055
64062
64081
64084
64085
64098
64108
64120
64132
64154
64155
64158
64169
64201
64203
64220
64227
64248
64271
64274
64275
64280
64290
64298
64300
64306
64334
64335
64349
64352
64367
64377
64379
64382
64419
64425
64434
64435
64448
64451
64463
64463
64467
64490
64495
64509
64513
64524
64546
64556
64577
64578
64580
64580
64588
64593
64614
64629
64632
64635
64638
64644
64666
64669
64669
64671
64672
64690
64695
64706
64717
64730
64733
64733
64744
64748
64755
64774
64786
64800
64822
64826
64829
64830
64835
64842
64846
64856
64869
64880
64882
64885
64896
64897
64930
64935
64942
64945
64947
64958
64960
64972
64975
64977
64979
65004
65019
65022
65041
65053
65057
65085
65099
65117
65120
65147
65166
65174
65175
65188
65190
65207
65235
65237
65240
65260
65261
65302
65313
65329
65333
65349
65357
65360
65375
65380
65383
65386
65394
65408
65410
65414
65423
65424
65428
65460
65463
65466
65474
65484
65503
65504
65508
65520
65526
65543
65567
65570
65572
65573
65579
65579
65585
65592
65594
65596
65609
65630
65640
65644
65648
65654
65654
65658
65674
65679
65686
65691
65691
65697
65716
65718
65721
65734
65750
65779
65784
65789
65791
65791
65796
65803
65813
65813
65821
65821
65838
65845
65870
65889
65928
65952
65955
65959
65969
65977
66005
66041
66061
66062
66072
66085
66095
66103
66115
66119
66136
66151
66179
66181
66210
66242
66242
66243
66246
66248
66257
66263
66286
66296
66299
66299
66301
66301
66302
66305
66312
66318
66348
66350
66360
66360
66365
66365
66370
66392
66398
66406
66419
66458
66486
66514
66529
66537
66546
66553
66554
66572
66573
66577
66597
66607
66624
66653
66655
66678
66695
66706
66710
66713
66715
66729
66733
66734
66736
66768
66770
66770
66789
66789
66793
66811
66822
66831
66832
66833
66837
66848
66852
66858
66889
66889
66895
66895
66900
66908
66921
66946
66963
66982
66996
67005
67019
67040
67042
67061
67062
67073
67088
67093
67109
67117
67129
67140
67144
67149
67176
67204
67220
67222
67233
67238
67240
67276
67277
67286
67288
67296
67307
67308
67324
67386
67389
67391
67427
67449
67457
67464
67488
67500
67501
67509
67530
67530
67531
67533
67535
67539
67553
67556
67579
67589
67592
67600
67616
67639
67649
67659
67662
67676
67676
67680
67711
67726
67729
67740
67743
67756
67757
67761
67763
67779
67794
67807
67820
67822
67822
67843
67864
67869
67884
67890
67892
67895
67906
67922
67944
67957
67962
67969
67972
67987
68013
68022
68024
68026
68033
68047
68056
68058
68060
68064
68075
68076
68085
68088
68141
68142
68146
68181
68207
68209
68220
68237
68237
68239
68240
68240
68245
68262
68276
68293
68295
68299
68299
68306
68314
68318
68339
68349
68350
68354
68355
68372
68375
68376
68407
68417
68422
68436
68451
68468
68481
68485
68485
68494
68495
68505
68531
68542
68552
68559
68560
68565
68580
68610
68636
68638
68678
68678
68694
68697
68708
68714
68714
68728
68752
68756
68757
68764
68775
68802
68803
68810
68830
68841
68842
68844
68854
68864
68888
68894
68900
68906
68909
68914
68920
68924
68934
68947
68954
68957
68965
68972
68973
68991
69010
69011
69018
69022
69049
69054
69059
69062
69072
69080
69103
69106
69135
69145
69146
69173
69195
69207
69209
69216
69242
69246
69249
69252
69267
69270
69278
69280
69296
69300
69323
69339
69357
69365
69370
69393
69394
69397
69433
69451
69461
69463
69469
69489
69500
69501
69513
69532
69554
69569
69570
69575
69576
69595
69600
69611
69615
69638
69643
69645
69656
69662
69682
69685
69690
69696
69697
69718
69720
69721
69727
69761
69765
69774
69780
69780
69810
69830
69854
69875
69901
69903
69905
69909
69928
69954
69971
69977
69981
69987
69998
70001
70002
70004
70006
70050
70062
70075
70116
70116
70142
70145
70164
70179
70180
70181
70195
70198
70230
70242
70252
70257
70258
70272
70277
70278
70283
70297
70320
70327
70337
70358
70367
70374
70388
70401
70402
70407
70414
70415
70419
70432
70435
70460
70473
70480
70482
70501
70502
70503
70516
70517
70519
70524
70550
70567
70637
70640
70649
70651
70653
70656
70666
70727
70735
70746
70756
70763
70775
70777
70779
70781
70787
70817
70823
70829
70840
70840
70845
70856
70858
70861
70881
70889
70893
70894
70898
70923
70935
70935
70954
70955
70955
70977
71030
71043
71043
71047
71058
71068
71082
71091
71096
71100
71106
71114
71117
71117
71144
71160
71170
71174
71178
71181
71185
71189
71197
71204
71220
71220
71226
71241
71252
71256
71256
71276
71287
71290
71312
71313
71332
71348
71371
71383
71395
71399
71409
71431
71448
71450
71452
71490
71491
71522
71523
71569
71570
71571
71589
71607
71649
71666
71684
71694
71715
71734
71750
71758
71776
71780
71780
71784
71811
71818
71826
71836
71843
71846
71860
71865
71868
71876
71879
71882
71883
71886
71890
71892
71899
71903
71909
71914
71923
71929
71935
71939
71945
71960
71975
71999
72014
72017
72018
72029
72034
72036
72052
72090
72111
72111
72124
72133
72141
72144
72159
72161
72164
72168
72170
72175
72181
72200
72215
72221
72222
72231
72233
72252
72270
72277
72288
72290
72293
72298
72300
72309
72319
72321
72329
72334
72354
72362
72366
72381
72389
72393
72399
72404
72410
72411
72471
72477
72482
72487
72506
72506
72522
72522
72522
72526
72532
72541
72547
72554
72568
72570
72575
72585
72587
72589
72591
72593
72609
72624
72634
72651
72691
72696
72715
72718
72732
72744
72746
72759
72760
72779
72781
72783
72784
72786
72793
72794
72794
72813
72816
72818
72824
72829
72876
72876
72893
72904
72926
72927
72938
72939
72940
72944
72959
72963
72963
73015
73017
73031
73037
73040
73043
73044
73080
73082
73094
73096
73108
73128
73146
73167
73173
73180
73197
73208
73212
73228
73243
73246
73252
73255
73262
73265
73267
73285
73286
73316
73321
73327
73332
73353
73363
73366
73368
73403
73412
73432
73435
73454
73465
73477
73490
73493
73504
73514
73532
73532
73554
73554
73566
73597
73622
73622
73633
73636
73653
73653
73662
73670
73672
73673
73681
73686
73706
73714
73743
73749
73754
73788
73802
73807
73816
73819
73825
73839
73850
73853
73860
73863
73870
73879
73884
73890
73919
73940
73957
73957
73980
73991
73998
74002
74016
74032
74043
74079
74092
74117
74122
74124
74144
74158
74183
74194
74196
74214
74216
74216
74217
74225
74235
74239
74250
74252
74252
74294
74321
74335
74337
74350
74351
74357
74395
74399
74400
74403
74440
74446
74462
74465
74472
74481
74485
74486
74504
74521
74525
74526
74536
74542
74555
74560
74562
74568
74574
74583
74591
74596
74598
74615
74647
74647
74656
74669
74674
74676
74677
74679
74692
74699
74699
74701
74703
74716
74737
74739
74746
74749
74756
74760
74767
74783
74784
74801
74803
74804
74805
74826
74841
74842
74861
74876
74882
74885
74892
74896
74897
74901
74902
74906
74914
74936
74940
74948
74954
74955
74978
74992
74994
74998
74998
74999
75003
75006
75011
75013
75029
75030
75085
75107
75111
75124
75124
75126
75149
75157
75165
75165
75171
75174
75184
75206
75243
75250
75254
75255
75256
75262
75277
75282
75285
75296
75297
75307
75319
75323
75323
75332
75346
75371
75374
75375
75379
75391
75398
75403
75407
75411
75418
75424
75452
75475
75475
75533
75535
75541
75543
75560
75564
75570
75602
75613
75620
75621
75626
75627
75631
75646
75674
75681
75688
75708
75724
75734
75758
75778
75780
75806
75812
75836
75852
75862
75876
75880
75899
75900
75904
75906
75912
75917
75922
75925
75928
75960
75975
75982
75996
76031
76056
76059
76072
76111
76124
76139
76169
76192
76195
76202
76203
76203
76205
76217
76227
76227
76240
76275
76278
76295
76295
76311
76313
76319
76332
76369
76371
76376
76396
76429
76441
76479
76497
76514
76515
76551
76552
76557
76565
76570
76571
76573
76581
76591
76604
76625
76638
76653
76669
76690
76691
76713
76715
76731
76752
76770
76771
76774
76786
76792
76797
76808
76822
76823
76829
76830
76832
76836
76843
76847
76847
76848
76858
76860
76870
76871
76880
76891
76897
76901
76918
76918
76922
76948
76962
76973
76974
76993
77000
77003
77008
77009
77026
77033
77037
77037
77037
77037
77040
77044
77070
77079
77097
77103
77104
77108
77110
77119
77129
77137
77141
77159
77159
77163
77189
77240
77276
77282
77295
77295
77300
77310
77310
77315
77343
77347
77356
77362
77375
77376
77380
77383
77410
77414
77418
77422
77425
77426
77427
77435
77441
77446
77453
77454
77459
77461
77462
77471
77474
77494
77494
77498
77499
77503
77507
77514
77518
77531
77560
77563
77564
77570
77572
77575
77578
77614
77628
77633
77656
77670
77672
77673
77692
77698
77705
77719
77732
77751
77781
77790
77805
77815
77817
77821
77821
77831
77831
77837
77842
77846
77847
77858
77858
77864
77865
77881
77883
77891
77915
77936
77939
77951
77963
77983
77983
77987
78008
78008
78014
78018
78110
78121
78122
78147
78155
78162
78177
78177
78179
78223
78224
78226
78231
78247
78248
78259
78262
78265
78265
78285
78290
78317
78331
78341
78346
78347
78354
78366
78369
78371
78375
78377
78390
78398
78400
78407
78407
78407
78448
78460
78471
78472
78472
78474
78476
78488
78495
78531
78535
78560
78598
78621
78638
78645
78650
78661
78663
78672
78677
78680
78683
78690
78698
78708
78712
78716
78726
78728
78746
78750
78775
78783
78785
78794
78809
78810
78824
78831
78834
78847
78856
78864
78871
78871
78877
78884
78888
78912
78938
78943
78944
78948
78954
78955
78968
78974
78978
78983
78986
79001
79021
79025
79039
79041
79042
79050
79053
79054
79072
79085
79106
79114
79117
79138
79161
79173
79180
79186
79209
79211
79222
79236
79244
79246
79256
79266
79297
79299
79325
79346
79358
79394
79395
79418
79420
79425
79464
79471
79508
79521
79523
79526
79532
79543
79552
79556
79560
79564
79566
79566
79595
79598
79599
79608
79620
79632
79637
79642
79655
79658
79667
79675
79678
79695
79724
79729
79742
79750
79758
79763
79765
79781
79791
79792
79842
79858
79861
79880
79886
79901
79921
79926
79938
79943
79943
79962
79971
79988
79993
79999
80015
80023
80025
80032
80039
80046
80048
80049
80058
80070
80080
80157
80163
80164
80206
80212
80213
80219
80243
80249
80249
80251
80259
80288
80293
80301
80304
80319
80345
80349
80355
80402
80415
80472
80523
80556
80573
80579
80596
80602
80603
80639
80647
80649
80655
80665
80673
80677
80679
80684
80686
80691
80698
80704
80709
80727
80753
80754
80755
80757
80770
80786
80791
80793
80795
80796
80802
80808
80813
80824
80825
80853
80864
80867
80868
80872
80875
80875
80880
80890
80931
80935
80940
80944
80946
80962
80965
80986
81008
81009
81013
81014
81034
81061
81076
81078
81096
81104
81105
81112
81116
81118
81135
81147
81180
81180
81202
81215
81216
81221
81234
81243
81247
81266
81276
81278
81279
81325
81337
81341
81345
81387
81394
81415
81427
81464
81468
81468
81471
81472
81487
81489
81490
81507
81511
81515
81519
81521
81536
81565
81582
81586
81593
81642
81664
81674
81680
81693
81695
81701
81704
81710
81722
81723
81726
81734
81740
81744
81753
81758
81771
81773
81779
81783
81784
81799
81801
81804
81809
81814
81821
81834
81858
81862
81863
81867
81877
81886
81893
81900
81923
81934
81945
81946
81946
81947
81964
81965
82010
82029
82029
82036
82058
82058
82073
82078
82078
82078
82080
82082
82136
82140
82152
82172
82190
82193
82205
82222
82225
82235
82240
82253
82255
82269
82288
82332
82349
82352
82362
82369
82385
82385
82402
82405
82411
82412
82415
82417
82421
82421
82425
82429
82450
82454
82458
82463
82469
82471
82472
82481
82494
82497
82510
82517
82517
82525
82537
82538
82545
82554
82559
82563
82589
82622
82631
82632
82652
82658
82672
82691
82697
82701
82702
82702
82709
82712
82727
82732
82738
82746
82763
82765
82794
82821
82828
82873
82874
82882
82887
82901
82944
82953
82972
82974
82988
82995
83000
83020
83043
83070
83077
83086
83096
83097
83097
83135
83147
83157
83166
83181
83182
83202
83255
83260
83263
83273
83277
83279
83285
83308
83329
83332
83333
83333
83336
83344
83351
83368
83370
83374
83421
83447
83453
83460
83472
83479
83483
83492
83499
83509
83510
83522
83533
83535
83541
83548
83580
83600
83611
83614
83632
83646
83658
83664
83666
83673
83678
83679
83696
83698
83702
83706
83714
83730
83736
83746
83756
83757
83766
83773
83775
83779
83780
83785
83794
83801
83812
83815
83825
83842
83846
83861
83874
83882
83893
83897
83905
83933
83935
83938
83941
83942
83944
83946
83955
83960
83960
83972
83985
83986
83989
83991
83993
84002
84020
84031
84034
84034
84042
84045
84047
84054
84063
84071
84072
84085
84089
84093
84117
84121
84122
84134
84140
84151
84153
84173
84174
84187
84192
84196
84199
84199
84202
84219
84220
84223
84233
84239
84244
84246
84260
84267
84280
84285
84292
84319
84323
84324
84334
84367
84382
84394
84401
84402
84408
84419
84427
84431
84454
84470
84476
84485
84502
84527
84540
84543
84557
84557
84575
84591
84635
84636
84662
84664
84665
84674
84679
84680
84683
84688
84697
84699
84711
84713
84732
84744
84760
84779
84792
84796
84797
84817
84818
84857
84867
84867
84878
84881
84883
84887
84890
84891
84893
84928
84939
84947
84949
84949
84955
84967
84978
84984
84999
85003
85013
85020
85026
85029
85036
85045
85064
85068
85068
85081
85085
85101
85115
85125
85147
85161
85164
85171
85182
85197
85203
85214
85226
85232
85240
85247
85260
85283
85285
85311
85323
85343
85364
85367
85369
85374
85375
85381
85402
85407
85408
85408
85410
85413
85426
85450
85453
85454
85472
85476
85480
85501
85514
85520
85524
85556
85564
85569
85570
85570
85597
85601
85603
85605
85632
85636
85638
85651
85662
85674
85678
85681
85704
85705
85719
85727
85744
85755
85776
85780
85782
85783
85787
85789
85793
85795
85798
85837
85855
85869
85875
85876
85884
85899
85906
85920
85923
85938
85945
85970
85987
85988
85988
86002
86007
86009
86015
86041
86048
86048
86066
86069
86073
86076
86078
86101
86137
86138
86160
86175
86177
86185
86197
86218
86223
86242
86243
86248
86250
86289
86305
86310
86313
86330
86343
86352
86391
86429
86438
86438
86442
86444
86477
86496
86499
86512
86514
86522
86539
86550
86554
86589
86589
86613
86614
86618
86623
86626
86627
86628
86633
86647
86650
86650
86650
86650
86655
86682
86683
86686
86700
86748
86770
86785
86792
86798
86806
86807
86808
86825
86850
86866
86869
86870
86872
86890
86966
87001
87002
87007
87010
87015
87034
87036
87042
87051
87061
87061
87089
87097
87109
87114
87116
87121
87122
87126
87128
87133
87147
87164
87169
87198
87211
87254
87255
87262
87266
87311
87311
87313
87314
87374
87380
87385
87392
87407
87419
87448
87450
87454
87464
87465
87467
87477
87484
87487
87505
87526
87527
87529
87532
87553
87562
87572
87605
87613
87623
87644
87647
87648
87657
87660
87673
87706
87721
87730
87733
87734
87759
87771
87783
87783
87795
87797
87808
87821
87825
87829
87831
87831
87840
87843
87871
87873
87875
87876
87884
87884
87903
87912
87913
87920
87924
87935
87952
87966
87966
87968
87982
87986
87999
88006
88006
88013
88013
88014
88024
88034
88039
88048
88050
88054
88070
88077
88083
88083
88094
88096
88099
88114
88198
88202
88202
88234
88236
88236
88240
88246
88294
88299
88312
88332
88349
88351
88356
88358
88397
88398
88410
88427
88429
88442
88446
88450
88471
88481
88484
88485
88485
88502
88516
88528
88532
88538
88542
88561
88563
88567
88588
88627
88630
88647
88676
88686
88692
88698
88700
88711
88714
88719
88723
88726
88727
88729
88754
88754
88759
88761
88778
88780
88790
88800
88830
88837
88838
88852
88855
88866
88870
88872
88883
88894
88897
88898
88918
88926
88942
88946
88958
88987
88993
89004
89011
89011
89018
89023
89030
89032
89045
89076
89084
89092
89095
89101
89121
89173
89183
89186
89187
89196
89202
89213
89224
89255
89262
89339
89344
89356
89370
89372
89381
89385
89403
89413
89432
89442
89445
89460
89460
89463
89468
89482
89492
89512
89532
89537
89542
89543
89544
89560
89573
89579
89582
89587
89591
89621
89631
89638
89641
89641
89643
89652
89653
89667
89674
89685
89691
89698
89700
89726
89736
89748
89763
89770
89770
89774
89793
89802
89819
89829
89836
89845
89855
89856
89860
89862
89882
89890
89907
89915
89933
89948
89951
89951
89972
89972
89980
89985
89985
89986
89994
89995
90000
90016
90024
90026
90026
90038
90041
90042
90042
90045
90066
90077
90081
90085
90085
90101
90106
90113
90120
90122
90133
90149
90154
90164
90173
90176
90195
90197
90201
90213
90215
90215
90223
90234
90239
90239
90260
90296
90306
90314
90329
90385
90395
90400
90413
90417
90436
90442
90443
90467
90470
90477
90487
90513
90519
90546
90563
90568
90570
90572
90573
90574
90578
90580
90583
90607
90616
90620
90625
90637
90637
90637
90645
90672
90679
90703
90713
90719
90754
90774
90781
90781
90791
90806
90809
90826
90827
90845
90859
90877
90877
90943
90953
90966
90968
90971
90998
91004
91032
91043
91058
91068
91076
91109
91111
91113
91121
91132
91136
91171
91177
91177
91192
91192
91194
91199
91204
91227
91228
91236
91253
91261
91277
91277
91316
91334
91335
91339
91344
91355
91360
91367
91368
91381
91414
91432
91435
91436
91436
91444
91445
91449
91499
91523
91528
91530
91540
91541
91551
91555
91556
91566
91567
91574
91577
91579
91583
91602
91605
91607
91610
91641
91647
91658
91660
91670
91678
91688
91692
91702
91702
91718
91719
91738
91750
91763
91778
91792
91820
91833
91834
91839
91842
91843
91858
91869
91877
91878
91889
91891
91896
91900
91904
91913
91918
91919
91924
91950
91954
91954
91958
91967
91970
91985
91988
91990
92011
92014
92095
92105
92112
92114
92123
92140
92144
92154
92157
92177
92198
92201
92203
92219
92221
92223
92230
92235
92241
92251
92254
92256
92265
92267
92282
92291
92293
92295
92296
92300
92300
92304
92322
92326
92343
92361
92363
92380
92385
92395
92397
92404
92405
92410
92414
92414
92416
92419
92421
92453
92467
92472
92472
92473
92484
92492
92494
92497
92522
92529
92550
92564
92565
92569
92570
92598
92600
92614
92616
92619
92625
92630
92631
92631
92633
92634
92642
92649
92655
92662
92669
92672
92673
92674
92723
92748
92749
92753
92756
92786
92787
92794
92819
92820
92822
92823
92828
92843
92861
92863
92872
92873
92886
92953
92953
92966
92977
92997
93010
93010
93024
93033
93066
93098
93112
93129
93148
93155
93177
93180
93196
93207
93219
93262
93265
93282
93285
93294
93309
93313
93314
93316
93323
93334
93348
93352
93373
93375
93381
93389
93392
93394
93397
93399
93402
93411
93415
93420
93438
93441
93453
93470
93471
93479
93480
93482
93501
93541
93543
93556
93558
93562
93577
93583
93589
93590
93616
93625
93651
93655
93663
93665
93667
93671
93689
93692
93698
93706
93707
93711
93714
93732
93733
93740
93752
93760
93762
93763
93779
93792
93796
93798
93807
93809
93821
93828
93832
93846
93861
93862
93872
93886
93897
93914
93923
93929
93945
93947
93972
93975
93976
93986
93997
93997
94003
94023
94033
94041
94043
94050
94073
94093
94109
94144
94186
94194
94222
94229
94233
94241
94250
94273
94275
94277
94279
94298
94311
94312
94315
94317
94317
94319
94324
94329
94345
94362
94363
94380
94384
94387
94388
94390
94440
94443
94457
94473
94480
94481
94489
94490
94496
94500
94500
94516
94526
94528
94529
94533
94537
94541
94549
94552
94554
94555
94571
94574
94578
94578
94578
94596
94596
94662
94679
94685
94687
94699
94703
94705
94721
94722
94735
94737
94738
94764
94772
94776
94794
94803
94819
94823
94826
94843
94847
94855
94865
94878
94887
94892
94909
94916
94918
94942
94944
94945
94957
94959
94994
95009
95026
95029
95029
95031
95033
95037
95084
95084
95094
95097
95107
95124
95158
95164
95183
95194
95197
95204
95262
95263
95270
95270
95283
95314
95316
95349
95380
95386
95390
95396
95398
95404
95412
95424
95445
95450
95451
95464
95467
95479
95482
95483
95512
95512
95518
95521
95540
95552
95570
95578
95585
95601
95602
95603
95614
95646
95647
95648
95652
95674
95697
95706
95710
95712
95715
95725
95767
95826
95837
95863
95865
95869
95877
95888
95894
95904
95918
95920
95922
95930
95941
95955
95960
95965
95977
95994
95994
96001
96002
96009
96019
96046
96059
96069
96070
96077
96078
96101
96113
96131
96135
96136
96164
96164
96175
96181
96197
96201
96202
96204
96215
96218
96230
96235
96248
96248
96251
96257
96278
96326
96366
96368
96371
96381
96392
96396
96405
96409
96416
96420
96431
96444
96463
96483
96506
96524
96530
96534
96534
96540
96551
96551
96554
96557
96570
96586
96591
96620
96621
96625
96633
96642
96659
96660
96667
96667
96687
96690
96698
96703
96727
96728
96743
96745
96746
96765
96780
96783
96786
96789
96796
96802
96848
96860
96876
96886
96894
96899
96919
96934
96949
96963
96967
96975
96976
96976
96979
96980
96984
96986
96987
96988
97003
97016
97019
97052
97052
97066
97067
97079
97084
97100
97102
97114
97116
97124
97124
97145
97169
97183
97196
97210
97217
97237
97238
97238
97247
97260
97267
97267
97279
97280
97281
97307
97325
97330
97338
97359
97379
97382
97386
97399
97402
97410
97422
97422
97426
97436
97442
97456
97457
97466
97468
97492
97509
97511
97520
97532
97545
97553
97572
97600
97600
97615
97617
97618
97618
97643
97661
97662
97669
97684
97688
97694
97697
97700
97701
97712
97719
97722
97740
97748
97766
97771
97779
97785
97796
97799
97804
97808
97811
97834
97837
97847
97847
97851
97859
97863
97866
97867
97877
97913
97935
97938
97949
97949
97962
97972
97978
97984
98032
98045
98049
98050
98058
98064
98078
98081
98082
98089
98092
98098
98099
98111
98114
98117
98131
98141
98146
98169
98214
98215
98220
98221
98226
98241
98250
98262
98276
98286
98289
98304
98310
98322
98343
98349
98349
98367
98376
98384
98390
98392
98397
98398
98410
98412
98442
98443
98446
98452
98471
98473
98474
98478
98498
98499
98504
98508
98529
98529
98535
98554
98562
98581
98596
98599
98599
98604
98617
98622
98629
98632
98637
98644
98648
98654
98656
98659
98660
98666
98667
98675
98679
98682
98694
98696
98707
98730
98754
98760
98788
98807
98810
98824
98830
98830
98842
98845
98852
98854
98859
98873
98881
98900
98903
98914
98920
98943
98947
98967
98971
98976
98978
98985
98988
98992
98995
98996
99017
99033
99036
99036
99070
99071
99100
99100
99104
99117
99143
99146
99147
99151
99178
99184
99185
99201
99205
99225
99236
99238
99245
99262
99273
99277
99299
99303
99306
99311
99314
99327
99331
99336
99356
99374
99382
99385
99397
99400
99407
99424
99427
99437
99441
99456
99459
99470
99481
99483
99498
99509
99514
99528
99536
99541
99542
99543
99587
99588
99590
99593
99600
99605
99609
99609
99617
99621
99623
99627
99664
99701
99705
99719
99721
99721
99728
99745
99754
99756
99758
99781
99788
99812
99815
99818
99837
99851
99859
99868
99880
99880
99887
99921
99935
99939
99949
99962
99965
99980
99987
